-5.000000000000000000e+00 8.100476122046311109e-03
-4.500000000000000000e+00 -1.674197274512371353e-02
-4.000000000000000000e+00 2.550547678837639803e-02
-3.500000000000000000e+00 9.995047887677070697e-03
-3.000000000000000000e+00 2.007746062412240663e-03
-2.500000000000000000e+00 2.369728192593459175e-04
-2.000000000000000000e+00 -8.837565839171973581e-03
-1.500000000000000000e+00 3.844826006982479671e-02
-1.000000000000000000e+00 1.105569771294962617e-01
-5.000000000000000000e-01 2.009142819494698640e-01
0.000000000000000000e+00 2.735398182387864807e-01
5.000000000000000000e-01 2.054127662141959909e-01
1.000000000000000000e+00 8.434316622164644839e-02
1.500000000000000000e+00 4.493584040923673251e-02
2.000000000000000000e+00 2.119179901265148824e-02
2.500000000000000000e+00 -5.544461057875642307e-03
3.000000000000000000e+00 8.153950773198334612e-02
3.500000000000000000e+00 6.821755644398262708e-02
4.000000000000000000e+00 1.318659188297795493e-01
4.500000000000000000e+00 6.554836640041528106e-02
5.000000000000000000e+00 2.096454476071342443e-02
5.500000000000000000e+00 -1.424494238352574244e-02
6.000000000000000000e+00 -9.185167139328220126e-03
6.500000000000000000e+00 -9.090974444745755778e-03
7.000000000000000000e+00 1.666278630795671456e-02
7.500000000000000000e+00 1.314230873655156118e-02
8.000000000000000000e+00 8.850466208622726275e-03
8.500000000000000000e+00 3.207554539019330520e-03
9.000000000000000000e+00 2.617229869159698463e-02
9.500000000000000000e+00 -5.674996421437480260e-03
1.000000000000000000e+01 9.720047738280646141e-04
1.050000000000000000e+01 5.282463204231069819e-03
1.100000000000000000e+01 -8.655462450912277186e-03
1.150000000000000000e+01 3.958199381716187570e-02
1.200000000000000000e+01 5.499205744017852948e-02
1.250000000000000000e+01 7.986734172993212311e-02
1.300000000000000000e+01 9.270531873788957766e-02
1.350000000000000000e+01 1.140571529207435875e-01
1.400000000000000000e+01 1.004635393628929563e-01
1.450000000000000000e+01 5.588251345403904419e-02
1.500000000000000000e+01 2.079659521736822170e-02
1.550000000000000000e+01 -1.212886617296273818e-02
1.600000000000000000e+01 -3.583805801049453135e-03
1.650000000000000000e+01 -3.537512445144529172e-02
1.700000000000000000e+01 -7.832624944381735843e-02
1.750000000000000000e+01 -6.523969462736350922e-02
1.800000000000000000e+01 -6.122050295182838303e-02
1.850000000000000000e+01 2.497966261890897238e-02
1.900000000000000000e+01 5.360661904666759112e-03
1.950000000000000000e+01 -2.730783800045685078e-02
2.000000000000000000e+01 9.807080725209194050e-03
2.050000000000000000e+01 -2.819581690779097288e-02
2.100000000000000000e+01 -7.861763290215831312e-03
2.150000000000000000e+01 -3.705679643370071719e-02
2.200000000000000000e+01 6.772334042115461805e-03
2.250000000000000000e+01 -2.310869902635077563e-02
2.300000000000000000e+01 -1.240666027379428403e-02
2.350000000000000000e+01 -1.563247768321456357e-02
2.400000000000000000e+01 2.394427663763397038e-02
2.450000000000000000e+01 -1.283518857791760871e-02
2.500000000000000000e+01 4.376947078811408744e-03
2.550000000000000000e+01 6.365803630133363630e-03
2.600000000000000000e+01 -4.543355009560365310e-03
2.650000000000000000e+01 1.788438520018285557e-02
2.700000000000000000e+01 4.606369765425702770e-03
2.750000000000000000e+01 -2.167339762802606221e-02
2.800000000000000000e+01 -5.319032224036015014e-03
2.850000000000000000e+01 -3.101572290951424768e-02
2.900000000000000000e+01 8.169532906727143204e-03
2.950000000000000000e+01 3.140483664812350473e-02
3.000000000000000000e+01 1.513856251551949986e-02
3.050000000000000000e+01 1.692961966098683463e-03
3.100000000000000000e+01 -1.662500387386753320e-02
3.150000000000000000e+01 -1.791464679347297070e-02
3.200000000000000000e+01 -2.949903471743968789e-02
3.250000000000000000e+01 -1.919107086338705734e-02
3.300000000000000000e+01 1.882747519277141665e-02
3.350000000000000000e+01 4.711892534245242306e-03
3.400000000000000000e+01 -4.911270883523264491e-02
3.450000000000000000e+01 1.512566667721288241e-02
3.500000000000000000e+01 2.181967358885164576e-02
3.550000000000000000e+01 2.848369252577209396e-02
3.600000000000000000e+01 -2.686159563135451234e-02
3.650000000000000000e+01 6.410455168222791399e-03
3.700000000000000000e+01 4.964340840235509020e-03
3.750000000000000000e+01 -4.755649137514957048e-02
3.800000000000000000e+01 -1.436612394268142745e-02
3.850000000000000000e+01 1.514580513927023427e-02
3.900000000000000000e+01 9.695320435200095038e-03
3.950000000000000000e+01 2.788632594824552030e-02
4.000000000000000000e+01 -3.711677591407836797e-03
4.050000000000000000e+01 -5.522284828192064975e-03
4.100000000000000000e+01 2.053256960313219054e-02
4.150000000000000000e+01 7.242197672618703487e-03
4.200000000000000000e+01 2.563811656612419512e-02
4.250000000000000000e+01 1.571109103363779735e-02
4.300000000000000000e+01 -6.060710317442333239e-03
4.350000000000000000e+01 1.249891049524474995e-02
4.400000000000000000e+01 1.951127244025277138e-02
4.450000000000000000e+01 -3.038403025992234691e-02
