1.399273841662315192e+02
1.394261680858140551e+02
1.403501139918696765e+02
1.531791837353733001e+02
1.665161866955878907e+02
1.716146183903584586e+02
1.830536170322707790e+02
1.135698081834479325e+02
1.164769167781976336e+02
1.227287162796781104e+02
1.364739658109106699e+02
1.458695356721707128e+02
1.554031165086105091e+02
1.776404773931610350e+02
8.546267850699628355e+01
8.949126617333163836e+01
1.038707302320430443e+02
1.114902129987869870e+02
1.248341821815388926e+02
1.488825574919896155e+02
1.671172545081431622e+02
6.419245707221398334e+01
6.666021468131069128e+01
7.897504933630708024e+01
9.229167990556831569e+01
1.106167357277986696e+02
1.353005320141400603e+02
1.580656492161978974e+02
4.157505539580823495e+01
4.561703386284066397e+01
6.220344288238849373e+01
7.972475516680739815e+01
1.038347041717672283e+02
1.256991126637280871e+02
1.501560400255335708e+02
1.397006149441513116e+02
1.344590005885127368e+02
1.353796068522179326e+02
1.363841452513190120e+02
1.428283656777343822e+02
1.471182988210170492e+02
1.593091032684414188e+02
1.172780871998979819e+02
1.120086916294497712e+02
1.080198470139975200e+02
1.128044351199556417e+02
1.175839621622925222e+02
1.284675778759734328e+02
1.443622592281813581e+02
9.594479562192204014e+01
8.625565094066210747e+01
8.721507328481871468e+01
8.279275769573986565e+01
9.755118508482048867e+01
1.143154514586377530e+02
1.302037473971777217e+02
7.488479526705528144e+01
6.262646384627527851e+01
5.570300196584509678e+01
6.565747497641213215e+01
7.609090703412506684e+01
9.433428603492174602e+01
1.099247074915555373e+02
6.509701662914250164e+01
4.294412817011005501e+01
3.347181646993783488e+01
4.063665020821635920e+01
6.572723738598814691e+01
7.590289745688900780e+01
1.029763312092214846e+02
1.501741819924141055e+02
1.381876992639622301e+02
1.365126886766316545e+02
1.254092442917679051e+02
1.244024922764299674e+02
1.275496500393316097e+02
1.320302839800204708e+02
1.455123360531568437e+02
1.222542304402427504e+02
1.078308205646244033e+02
9.869318133228513545e+01
9.908283717378948552e+01
1.016906297618586450e+02
1.108330986836087106e+02
1.241177414737696694e+02
1.109856624092513897e+02
8.673984153008585452e+01
7.486329906548347424e+01
7.439458560682545851e+01
7.849390657529741588e+01
8.206298733407921020e+01
1.068301029356953222e+02
8.859317718049514667e+01
7.087653769891427658e+01
5.743943756887748009e+01
4.824624026842471380e+01
5.125195857513494957e+01
6.678853342165105289e+01
1.025694639059856854e+02
6.767430972277793444e+01
5.422556815476187353e+01
3.506580175882822203e+01
2.481615475595974019e+01
3.538098844520690989e+01
5.248253231389551843e+01
1.834515917033555468e+02
1.728072145555463237e+02
1.631583706691587565e+02
1.543932285947009859e+02
1.465514183136084512e+02
1.377129802833257486e+02
1.405160296860812537e+02
1.745858723589828401e+02
1.568474467652001465e+02
1.366180957352763983e+02
1.299414208166725189e+02
1.227240417789475515e+02
1.186646291941421367e+02
1.155986372281964947e+02
1.695179911791736060e+02
1.484747541503471666e+02
1.247351095857032135e+02
1.080167819324941689e+02
9.932202908164819632e+01
9.616541134051006168e+01
8.590684033292644983e+01
1.553855440845507871e+02
1.381977480526147417e+02
1.174580207875754638e+02
9.442933222166517737e+01
7.800964495923734887e+01
6.828848692994512248e+01
6.477570058397050445e+01
1.529277023968793117e+02
1.248208118660267587e+02
1.036981210238921847e+02
8.825384977362273276e+01
6.160029378320182047e+01
4.549578336719285687e+01
4.115014667094753520e+01
1.051451199054408221e+02
1.127730127508950204e+02
1.208564097116063181e+02
1.259564878627876112e+02
1.481228577037477407e+02
1.679973056113291818e+02
1.886770792368598961e+02
7.898385180091180757e+01
8.791511030788188918e+01
9.878049093117242307e+01
1.171511905412201742e+02
1.410492821204117888e+02
1.579624031706615028e+02
1.798352355410776227e+02
5.448535670597131997e+01
6.772282692093003220e+01
9.097784620902896791e+01
1.092884667734723791e+02
1.307476076920758601e+02
1.518351276498833045e+02
1.726548371309525862e+02
3.517228311170696031e+01
5.874203453460397384e+01
7.899361471328273865e+01
1.021695704895288372e+02
1.250076621552844216e+02
1.496219016310636505e+02
1.741818030097889789e+02
2.925997126261865233e+01
5.701969405945482805e+01
7.713257744017145967e+01
1.011549875498526774e+02
1.263269876127958611e+02
1.456845326549180299e+02
1.726944205917071713e+02
3.562120748736766274e+01
4.848843900165121568e+01
7.163603886313758551e+01
8.904784654293176516e+01
1.119726325465729104e+02
1.307923389325588914e+02
1.543182267736987967e+02
2.701509357573404557e+01
4.973073471009319491e+01
6.921863904094065845e+01
8.974576282956414275e+01
1.124493340838720883e+02
1.348241528443086281e+02
1.557550124575177506e+02
3.354316765942149203e+01
5.262441362154184077e+01
7.913828457132788685e+01
9.394582779590272992e+01
1.185666152153640951e+02
1.422922976808724513e+02
1.625781772321994083e+02
5.282895107688773351e+01
6.550200052443814513e+01
8.935347226312175906e+01
1.095014197977719732e+02
1.256287907559325419e+02
1.506559396071148740e+02
1.711341374405786553e+02
7.745924845239518675e+01
8.814939142056685739e+01
1.020032882452157139e+02
1.213755189130895786e+02
1.445694066483318636e+02
1.570034170396324669e+02
1.770758384445785225e+02
4.608297576380440574e+01
5.862218676725017019e+01
8.333281902231209415e+01
9.966119770493561703e+01
1.138188515155685110e+02
1.354047491860597745e+02
1.505125124536024543e+02
7.658572441477491566e+01
7.776411147342743391e+01
9.359442784876681287e+01
1.105359316535881931e+02
1.274060263855674719e+02
1.427716846175876526e+02
1.596130017306772686e+02
9.182925123479053298e+01
1.038559144784209707e+02
1.106532152835441849e+02
1.246577349994147141e+02
1.434355236543950980e+02
1.648942345563461913e+02
1.739028851995466027e+02
1.179701580628646838e+02
1.287129071990714522e+02
1.350866420093765896e+02
1.441105609391110534e+02
1.550999773512679951e+02
1.768738770664589026e+02
1.960873545425644977e+02
1.432055587683985607e+02
1.514983799307925381e+02
1.599683669226271547e+02
1.660454864843082419e+02
1.749651438400593975e+02
1.891476140643609369e+02
2.075362226909901437e+02
3.494207401469054020e+01
3.731855087208898425e+01
5.427027272584702189e+01
6.991544271533021515e+01
8.538307473752684018e+01
1.052938242059689600e+02
1.229047689691127800e+02
5.888050144523143814e+01
6.049449206522995581e+01
7.331212270908604012e+01
8.810245936444431436e+01
1.011629011291788345e+02
1.147901655479983702e+02
1.325074010912925644e+02
8.255023159349497064e+01
8.459511454077372150e+01
9.244758501102135995e+01
1.024733998411950324e+02
1.233976379770936944e+02
1.294994601016233844e+02
1.462137397318528258e+02
1.064167782763156680e+02
1.128771384999278098e+02
1.187594964098239672e+02
1.202277057585613420e+02
1.355507126153119941e+02
1.553311681490664000e+02
1.656667155948154857e+02
1.317619306502303971e+02
1.401211240015525448e+02
1.423647951591020444e+02
1.495395666469494245e+02
1.523760973440394935e+02
1.626873933666703067e+02
1.902414722178561419e+02
4.885719025661374104e+01
3.361615827605701412e+01
3.255164053368221744e+01
3.481945237778399616e+01
4.556293998270499657e+01
6.771879023862871350e+01
8.420539941183538701e+01
7.287292103395273557e+01
5.946986944901567540e+01
5.388509302155996750e+01
5.596188790958186843e+01
6.743402422219008940e+01
7.292352514222376669e+01
9.458427026624286782e+01
9.419064033323917329e+01
8.565767753693536690e+01
8.113303586510828325e+01
8.533949899870792422e+01
9.214916505145853876e+01
9.634143321201224808e+01
1.103826371563497020e+02
1.134421532458006965e+02
1.070244248029235621e+02
1.059954774393700347e+02
1.055397230251755190e+02
1.137200605241657314e+02
1.201294672976066238e+02
1.271384248376508168e+02
1.379413953909475197e+02
1.351588725675138392e+02
1.296723425783027892e+02
1.294938678141514856e+02
1.351133905454741750e+02
1.446811853990401460e+02
1.523706287142065037e+02
8.374971052345827616e+01
6.902743852739848762e+01
4.976918996922348271e+01
3.696032461333330588e+01
3.488243643169098362e+01
4.187992733509427268e+01
5.395109588580801585e+01
1.046954418483030906e+02
8.204403512766268136e+01
6.913023864666585894e+01
6.061867346768840292e+01
6.027101856982964279e+01
6.547194986387982851e+01
7.603947280922683660e+01
1.136826432668261617e+02
9.966682739484328124e+01
9.287367535626984250e+01
8.915671109856855026e+01
8.678899629492823919e+01
8.587179049082956794e+01
9.632643268609602671e+01
1.320677229715182364e+02
1.220014084540862598e+02
1.210690434860335500e+02
1.085902429306225372e+02
1.113640102005925314e+02
1.114455795911250817e+02
1.166696755960872025e+02
1.576432020991723277e+02
1.494733047975407771e+02
1.373772405689296647e+02
1.366027083663951771e+02
1.389026104731825626e+02
1.347803573312992853e+02
1.407569047489958507e+02
1.212226694634572226e+02
1.049373892722773860e+02
8.674944067594387320e+01
6.644880393481504655e+01
5.558917231300591055e+01
4.546782058665920800e+01
3.749847784040097309e+01
1.361714142042287676e+02
1.169817281014307326e+02
1.002936630794948627e+02
9.167854440885912481e+01
7.661155448725956774e+01
6.712715612514395502e+01
6.117913539204309359e+01
1.486841748990122483e+02
1.304066803982379668e+02
1.234013181642243637e+02
1.098566236826344777e+02
1.016190759251654612e+02
9.082497056086049270e+01
8.785147693813004821e+01
1.604253534269302577e+02
1.519764615245194648e+02
1.485559555471570832e+02
1.260253288471957660e+02
1.239971737096571047e+02
1.159872758840196383e+02
1.130146169165875563e+02
1.859354020609872862e+02
1.737264906582933577e+02
1.620924663104088950e+02
1.509058299028231431e+02
1.440472673392028469e+02
1.389948533854820312e+02
1.419221237052693425e+02
1.365487968599662452e+02
1.219384017308819921e+02
9.857323511757392964e+01
8.384445979697471785e+01
6.485912307087070872e+01
4.338295682764124450e+01
3.092057626970746398e+01
1.531456104338134310e+02
1.318077635489462978e+02
1.110956005239070095e+02
9.786872286501703400e+01
7.434526421150388842e+01
5.935313074861539917e+01
5.278637998436821022e+01
1.610766214409407269e+02
1.436066959567142476e+02
1.272757604883217937e+02
1.085674960297068452e+02
9.187807859640379604e+01
7.964909578672693158e+01
7.768838623487270922e+01
1.781270274686481230e+02
1.644940039695325424e+02
1.393403445200960391e+02
1.270714492691426898e+02
1.150552133470217484e+02
1.084423780212267587e+02
1.000113161884632120e+02
1.922347757831736885e+02
1.711381780422880183e+02
1.602247314602021788e+02
1.449720356113658681e+02
1.376311842757846193e+02
1.318232818539507036e+02
1.257829250280875044e+02
1.484022266749329333e+02
1.338939845372865420e+02
1.124559471691895851e+02
8.822724764326976299e+01
7.271661896664771518e+01
5.509153029487048769e+01
3.325961449431010664e+01
1.585077159001591554e+02
1.326236539883297496e+02
1.130996440017521820e+02
9.016869326882734015e+01
6.894049588028266840e+01
4.944485179378823858e+01
2.735726568910566314e+01
1.631033654418489220e+02
1.395422316239420866e+02
1.166620826286890917e+02
9.511508242448701367e+01
7.498645775133896052e+01
5.621888520888423812e+01
4.001412127962759513e+01
1.694284038936544619e+02
1.531110052465768092e+02
1.256862521561523494e+02
1.066255191174404473e+02
9.307219178742218446e+01
6.809472463109560181e+01
5.320359907431314639e+01
1.819187697439706142e+02
1.593948066605566964e+02
1.399775411418244460e+02
1.246125302144458402e+02
1.020540929869610949e+02
8.432731209747552725e+01
7.894220192136869230e+01
1.590519318482476478e+02
1.387526788226104202e+02
1.246257171929424743e+02
1.019463936338716081e+02
8.834062362620207409e+01
7.945058696864643366e+01
7.481677752717065744e+01
1.521304151037612371e+02
1.333127781395044167e+02
1.135898770193474832e+02
9.157104894532558603e+01
7.286043272323908582e+01
6.019926007068426799e+01
5.293915607669715229e+01
1.544526438854749699e+02
1.312216480285584339e+02
1.047235496235368828e+02
8.920484413710130411e+01
6.859443303352261978e+01
4.338262902952330791e+01
2.700664423933981340e+01
1.537460973505334891e+02
1.325049008725572435e+02
1.086405336123362275e+02
8.364210617728018349e+01
6.106497345764415030e+01
3.754472603028628441e+01
1.368851581577010101e+01
1.596679448930500769e+02
1.326629666379439527e+02
1.099121287201409274e+02
9.117335722697646361e+01
6.683107019931463810e+01
4.623442150480492785e+01
3.022472089828549358e+01
