1.340594568122710371e+02
1.266710214544427657e+02
1.081971648036106615e+02
1.045030411371246544e+02
9.975342939537367215e+01
9.500211999411013153e+01
9.632186622760460182e+01
9.289159212188859271e+01
1.979234710225668152e+02
9.500194091899510340e+01
9.801806031138345077e+01
9.698160503738272098e+01
2.058393234519122075e+02
1.630889401225950621e+02
7.901739800080500231e+01
8.897007165429700137e+01
9.387114237513262083e+01
1.979216429334341285e+02
1.541155960204060591e+02
1.931733077180251996e+02
3.899973855294122416e+01
5.202481356923230038e+01
5.899922124532830736e+01
1.289314485634351684e+02
1.002802990862733026e+02
1.277259391675967919e+02
1.171706948453595487e+02
6.499328106841049646e+01
8.097775329471809869e+01
1.760551841633758272e+02
1.308164112617309911e+02
1.609762695858597681e+02
1.498932509239566002e+02
1.187540826135400920e+02
1.029939929691980893e+02
2.209923602484345793e+02
1.449533582672762577e+02
1.681386726879885600e+02
1.570178367271910815e+02
1.182256627005854597e+02
1.730012568578514163e+02
1.079703377262907935e+02
1.289312055329219220e+02
1.259155082461618349e+02
1.029192543253857508e+02
6.016841762440510166e+01
6.900823723649966723e+01
8.602943809057109092e+01
9.707539597873507375e+01
8.218437364569844306e+01
4.684145549424608390e+01
4.644579606094429636e+01
1.290063850441419788e+02
1.960355293913100923e+02
1.830295330006830170e+02
9.688708269240595428e+01
9.170369455915781032e+01
9.922510976656280945e+01
9.200469979550803146e+01
1.250103491272277694e+02
6.804702514237546040e+01
6.408873174205841394e+01
6.795309740714573365e+01
8.128014310665250264e+01
4.450004000762863825e+02
1.550188647802052060e+02
9.801787555134414731e+01
9.990302300967930194e+01
1.187529857600604828e+02
1.551711822945184167e+02
2.670040099576667103e+02
1.179983090374616665e+02
9.500194091899510340e+01
1.130977618977501464e+02
1.359061948142914673e+02
2.100616685483616948e+02
1.969967460690134260e+02
9.002554695893240932e+01
9.500194091899510340e+01
1.138517469770684869e+02
1.748307845912001426e+02
1.446153195533947269e+02
1.219943489195918858e+02
1.100060913007390297e+02
1.019762897563022790e+02
1.500430307843485309e+02
1.180932469502823636e+02
1.414485607310576256e+02
1.920016128082451985e+02
1.400146069537164806e+02
1.830295330006830170e+02
1.259155082461618349e+02
1.392048888631819921e+02
1.382818019087204959e+02
1.229933755717455313e+02
1.770351626964600769e+02
1.210143771230056728e+02
1.368482918962776864e+02
1.359061948142914673e+02
1.213924215229225894e+02
1.910025861560915530e+02
1.200340626119098886e+02
1.340205952250109647e+02
1.319473888807085018e+02
1.167737693307261537e+02
9.394717839600095033e+01
1.730012568578514163e+02
2.010118159066279873e+02
1.920773368977301629e+02
1.621067920534418647e+02
1.279893290969540800e+02
2.090060822742493087e+02
3.379914509389990940e+02
3.579910359807463465e+02
2.889642369619434703e+02
2.269495088748186333e+02
3.701134722855218797e+02
2.501739469646317673e+02
2.690020632619740013e+02
2.500206982544555387e+02
2.169587976146098356e+02
3.758615620401896535e+02
2.553189193841300551e+02
2.470071881422946660e+02
1.710032035535441253e+02
1.900036669485005802e+02
3.890555675730275311e+02
2.801054569667612100e+02
2.850071658241451473e+02
4.032339567109254403e+02
1.310044383484492698e+02
3.330342051236218595e+02
2.669102149628910183e+02
2.921692182358545438e+02
4.407055249317800190e+02
4.401794763048584400e+02
1.720022302056977708e+02
1.710033002536505080e+02
2.099844487773026742e+02
3.460791514071154893e+02
3.621966065681844498e+02
4.908476174622521739e+02
8.399363701880430710e+01
1.259905267741843033e+02
2.299650157166151416e+02
2.650257553803945143e+02
3.813290320517497776e+02
1.409947048699856964e+02
3.030256894706443518e+02
3.839661778809385169e+02
5.979101678994391023e+02
