-5.000000000000000000e+00 2.108145691454410553e-02
-4.960000038146972656e+00 2.068468742072582245e-02
-4.920000076293945312e+00 2.012944407761096954e-02
-4.880000114440917969e+00 1.937372237443923950e-02
-4.840000152587890625e+00 1.839069835841655731e-02
-4.800000190734863281e+00 1.717398501932621002e-02
-4.760000228881835938e+00 1.574064418673515320e-02
-4.719999790191650391e+00 1.413184683769941330e-02
-4.679999828338623047e+00 1.241096388548612595e-02
-4.639999866485595703e+00 1.065955217927694321e-02
-4.599999904632568359e+00 8.971600793302059174e-03
-4.559999942779541016e+00 7.446443662047386169e-03
-4.519999980926513672e+00 6.181169301271438599e-03
-4.480000019073486328e+00 5.262809339910745621e-03
-4.440000057220458984e+00 4.761205986142158508e-03
-4.400000095367431641e+00 4.722864832729101181e-03
-4.360000133514404297e+00 5.166546441614627838e-03
-4.320000171661376953e+00 6.080897524952888489e-03
-4.279999732971191406e+00 7.424428127706050873e-03
-4.239999771118164062e+00 9.128120727837085724e-03
-4.199999809265136719e+00 1.110036857426166534e-02
-4.159999847412109375e+00 1.323406212031841278e-02
-4.119999885559082031e+00 1.541504636406898499e-02
-4.079999923706054688e+00 1.753133907914161682e-02
-4.039999961853027344e+00 1.948191970586776733e-02
-4.000000000000000000e+00 2.118436805903911591e-02
-3.960000038146972656e+00 2.258032746613025665e-02
-3.920000076293945312e+00 2.363829873502254486e-02
-3.880000114440917969e+00 2.435339801013469696e-02
-3.840000152587890625e+00 2.474432811141014099e-02
-3.799999952316284180e+00 2.484794892370700836e-02
-3.759999990463256836e+00 2.471231855452060699e-02
-3.720000028610229492e+00 2.438921853899955750e-02
-3.679999828338623047e+00 2.392734959721565247e-02
-3.639999866485595703e+00 2.336687408387660980e-02
-3.599999904632568359e+00 2.273626253008842468e-02
-3.559999942779541016e+00 2.205169014632701874e-02
-3.519999980926513672e+00 2.131879702210426331e-02
-3.480000019073486328e+00 2.053644135594367981e-02
-3.440000057220458984e+00 1.970164291560649872e-02
-3.400000095367431641e+00 1.881475187838077545e-02
-3.360000133514404297e+00 1.788395456969738007e-02
-3.320000171661376953e+00 1.692822948098182678e-02
-3.279999971389770508e+00 1.597826741635799408e-02
-3.240000009536743164e+00 1.507525052875280380e-02
-3.200000047683715820e+00 1.426746230572462082e-02
-3.159999847412109375e+00 1.360545773059129715e-02
-3.119999885559082031e+00 1.313632354140281677e-02
-3.079999923706054688e+00 1.289792545139789581e-02
-3.039999961853027344e+00 1.291394699364900589e-02
-3.000000000000000000e+00 1.319031976163387299e-02
-2.960000038146972656e+00 1.371343992650508881e-02
-2.920000076293945312e+00 1.445049419999122620e-02
-2.880000114440917969e+00 1.535149570554494858e-02
-2.839999914169311523e+00 1.635302975773811340e-02
-2.799999952316284180e+00 1.738303340971469879e-02
-2.759999990463256836e+00 1.836612634360790253e-02
-2.720000028610229492e+00 1.922903209924697876e-02
-2.680000066757202148e+00 1.990564540028572083e-02
-2.640000104904174805e+00 2.034137025475502014e-02
-2.599999904632568359e+00 2.049661614000797272e-02
-2.559999942779541016e+00 2.034921385347843170e-02
-2.519999980926513672e+00 1.989588141441345215e-02
-2.480000019073486328e+00 1.915247552096843719e-02
-2.440000057220458984e+00 1.815308071672916412e-02
-2.400000095367431641e+00 1.694801822304725647e-02
-2.359999895095825195e+00 1.560046803206205368e-02
-2.319999933242797852e+00 1.418214198201894760e-02
-2.279999971389770508e+00 1.276770234107971191e-02
-2.240000009536743164e+00 1.142874825745820999e-02
-2.200000047683715820e+00 1.022753212600946426e-02
-2.160000085830688477e+00 9.211100637912750244e-03
-2.119999885559082031e+00 8.406743407249450684e-03
-2.079999923706054688e+00 7.819066755473613739e-03
-2.039999961853027344e+00 7.429569493979215622e-03
-2.000000000000000000e+00 7.198654115200042725e-03
-1.960000038146972656e+00 7.070102263242006302e-03
-1.920000076293945312e+00 6.977518089115619659e-03
-1.880000114440917969e+00 6.851931568235158920e-03
-1.839999914169311523e+00 6.629628129303455353e-03
-1.799999952316284180e+00 6.259090267121791840e-03
-1.759999990463256836e+00 5.706100724637508392e-03
-1.720000028610229492e+00 4.956378601491451263e-03
-1.680000066757202148e+00 4.015356302261352539e-03
-1.640000104904174805e+00 2.905250992625951767e-03
-1.599999904632568359e+00 1.659940462559461594e-03
-1.559999942779541016e+00 3.184617380611598492e-04
-1.519999980926513672e+00 -1.081694732420146465e-03
-1.480000019073486328e+00 -2.510541351512074471e-03
-1.440000057220458984e+00 -3.949770238250494003e-03
-1.400000095367431641e+00 -5.394425243139266968e-03
-1.359999895095825195e+00 -6.851912476122379303e-03
-1.319999933242797852e+00 -8.338395506143569946e-03
-1.279999971389770508e+00 -9.873196482658386230e-03
-1.240000009536743164e+00 -1.147198956459760666e-02
-1.200000047683715820e+00 -1.313993986696004868e-02
-1.160000085830688477e+00 -1.486548129469156265e-02
-1.119999885559082031e+00 -1.661583781242370605e-02
-1.079999923706054688e+00 -1.833438128232955933e-02
-1.039999961853027344e+00 -1.993986591696739197e-02
-1.000000000000000000e+00 -2.132720313966274261e-02
-9.600000381469726562e-01 -2.236865833401679993e-02
-9.200000762939453125e-01 -2.291496656835079193e-02
-8.800001144409179688e-01 -2.279516123235225677e-02
-8.400001525878906250e-01 -2.181508764624595642e-02
-8.000001907348632812e-01 -1.975454390048980713e-02
-7.600002288818359375e-01 -1.636400632560253143e-02
-7.199997901916503906e-01 -1.136273983865976334e-02
-6.799998283386230469e-01 -4.440296906977891922e-03
-6.399998664855957031e-01 4.736026749014854431e-03
-5.999999046325683594e-01 1.650564186275005341e-02
-5.599999427795410156e-01 3.118958696722984314e-02
-5.199999809265136719e-01 4.905596747994422913e-02
-4.800000190734863281e-01 7.027757167816162109e-02
-4.400000572204589844e-01 9.488534182310104370e-02
-4.000000953674316406e-01 1.227234303951263428e-01
-3.600001335144042969e-01 1.534125357866287231e-01
-3.200001716613769531e-01 1.863288134336471558e-01
-2.800002098083496094e-01 2.206047773361206055e-01
-2.399997711181640625e-01 2.551565170288085938e-01
-1.999998092651367188e-01 2.887384593486785889e-01
-1.599998474121093750e-01 3.200221061706542969e-01
-1.199998855590820312e-01 3.476931154727935791e-01
-7.999992370605468750e-02 3.705555796623229980e-01
-3.999996185302734375e-02 3.876316547393798828e-01
0.000000000000000000e+00 3.982450067996978760e-01
3.999996185302734375e-02 4.020771682262420654e-01
7.999992370605468750e-02 3.991906046867370605e-01
1.199998855590820312e-01 3.900161385536193848e-01
1.599998474121093750e-01 3.753076195716857910e-01
1.999998092651367188e-01 3.560710549354553223e-01
2.399997711181640625e-01 3.334766030311584473e-01
2.800002098083496094e-01 3.087657690048217773e-01
3.200001716613769531e-01 2.831617593765258789e-01
3.600001335144042969e-01 2.577928900718688965e-01
4.000000953674316406e-01 2.336318194866180420e-01
4.400000572204589844e-01 2.114547789096832275e-01
4.800000190734863281e-01 1.918191611766815186e-01
5.199999809265136719e-01 1.750586330890655518e-01
5.599999427795410156e-01 1.612925082445144653e-01
5.999999046325683594e-01 1.504469811916351318e-01
6.399998664855957031e-01 1.422857791185379028e-01
6.799998283386230469e-01 1.364472657442092896e-01
7.199997901916503906e-01 1.324864029884338379e-01
7.600002288818359375e-01 1.299179643392562866e-01
8.000001907348632812e-01 1.282584071159362793e-01
8.400001525878906250e-01 1.270623058080673218e-01
8.800001144409179688e-01 1.259508281946182251e-01
9.200000762939453125e-01 1.246286183595657349e-01
9.600000381469726562e-01 1.228885650634765625e-01
1.000000000000000000e+00 1.206043213605880737e-01
1.039999961853027344e+00 1.177130639553070068e-01
1.079999923706054688e+00 1.141926124691963196e-01
1.119999885559082031e+00 1.100372523069381714e-01
1.159999847412109375e+00 1.052381247282028198e-01
1.199999809265136719e+00 9.977164864540100098e-02
1.239999771118164062e+00 9.359897673130035400e-02
1.280000209808349609e+00 8.667652308940887451e-02
1.320000171661376953e+00 7.897585630416870117e-02
1.360000133514404297e+00 7.050863653421401978e-02
1.400000095367431641e+00 6.135172024369239807e-02
1.440000057220458984e+00 5.166666209697723389e-02
1.480000019073486328e+00 4.170891270041465759e-02
1.519999980926513672e+00 3.182346373796463013e-02
1.559999942779541016e+00 2.242587320506572723e-02
1.599999904632568359e+00 1.397003699094057083e-02
1.639999866485595703e+00 6.906213238835334778e-03
1.679999828338623047e+00 1.634369953535497189e-03
1.719999790191650391e+00 -1.540894736535847187e-03
1.760000228881835938e+00 -2.448193728923797607e-03
1.800000190734863281e+00 -1.074666739441454411e-03
1.840000152587890625e+00 2.424518810585141182e-03
1.880000114440917969e+00 7.733908016234636307e-03
1.920000076293945312e+00 1.440194156020879745e-02
1.960000038146972656e+00 2.187874726951122284e-02
2.000000000000000000e+00 2.956331335008144379e-02
2.039999961853027344e+00 3.685470297932624817e-02
2.079999923706054688e+00 4.320196062326431274e-02
2.119999885559082031e+00 4.814777895808219910e-02
2.159999847412109375e+00 5.136208236217498779e-02
2.199999809265136719e+00 5.266317725181579590e-02
2.239999771118164062e+00 5.202557891607284546e-02
2.280000209808349609e+00 4.957531020045280457e-02
2.320000171661376953e+00 4.557433351874351501e-02
2.360000133514404297e+00 4.039688035845756531e-02
2.400000095367431641e+00 3.450036793947219849e-02
2.440000057220458984e+00 2.839362621307373047e-02
2.480000019073486328e+00 2.260471694171428680e-02
2.519999980926513672e+00 1.764978095889091492e-02
2.559999942779541016e+00 1.400386076420545578e-02
2.599999904632568359e+00 1.207438670098781586e-02
2.639999866485595703e+00 1.217739097774028778e-02
2.679999828338623047e+00 1.451706513762474060e-02
2.719999790191650391e+00 1.916923001408576965e-02
2.760000228881835938e+00 2.606985531747341156e-02
2.800000190734863281e+00 3.501028567552566528e-02
2.840000152587890625e+00 4.564028233289718628e-02
2.880000114440917969e+00 5.748080834746360779e-02
2.920000076293945312e+00 6.994682550430297852e-02
2.960000038146972656e+00 8.237995952367782593e-02
3.000000000000000000e+00 9.408962726593017578e-02
3.039999961853027344e+00 1.043992489576339722e-01
3.079999923706054688e+00 1.126942485570907593e-01
3.119999885559082031e+00 1.184664145112037659e-01
3.159999847412109375e+00 1.213505938649177551e-01
3.199999809265136719e+00 1.211492195725440979e-01
3.239999771118164062e+00 1.178423762321472168e-01
3.279999732971191406e+00 1.115824207663536072e-01
3.319999694824218750e+00 1.026744470000267029e-01
3.359999656677246094e+00 9.154582023620605469e-02
3.399999618530273438e+00 7.870874553918838501e-02
3.439999580383300781e+00 6.472150981426239014e-02
3.479999542236328125e+00 5.015229433774948120e-02
3.520000457763671875e+00 3.555021807551383972e-02
3.560000419616699219e+00 2.142486907541751862e-02
3.600000381469726562e+00 8.234988898038864136e-03
3.640000343322753906e+00 -3.615301800891757011e-03
3.680000305175781250e+00 -1.377570535987615585e-02
3.720000267028808594e+00 -2.194781787693500519e-02
3.760000228881835938e+00 -2.788535505533218384e-02
3.800000190734863281e+00 -3.139887377619743347e-02
3.840000152587890625e+00 -3.236593306064605713e-02
3.880000114440917969e+00 -3.074550069868564606e-02
3.920000076293945312e+00 -2.659434825181961060e-02
3.960000038146972656e+00 -2.008124440908432007e-02
4.000000000000000000e+00 -1.149511616677045822e-02
4.039999961853027344e+00 -1.243345206603407860e-03
4.079999923706054688e+00 1.016215048730373383e-02
4.119999885559082031e+00 2.213128469884395599e-02
4.159999847412109375e+00 3.403301537036895752e-02
4.199999809265136719e+00 4.523951932787895203e-02
4.239999771118164062e+00 5.517226830124855042e-02
4.279999732971191406e+00 6.334453821182250977e-02
4.319999694824218750e+00 6.939507275819778442e-02
4.359999656677246094e+00 7.310933619737625122e-02
4.399999618530273438e+00 7.442641258239746094e-02
4.439999580383300781e+00 7.343188673257827759e-02
4.479999542236328125e+00 7.033862918615341187e-02
4.520000457763671875e+00 6.545905768871307373e-02
4.560000419616699219e+00 5.917262285947799683e-02
4.600000381469726562e+00 5.189270526170730591e-02
4.640000343322753906e+00 4.403575882315635681e-02
4.680000305175781250e+00 3.599520027637481689e-02
4.720000267028808594e+00 2.812093682587146759e-02
4.760000228881835938e+00 2.070494182407855988e-02
4.800000190734863281e+00 1.397241652011871338e-02
4.840000152587890625e+00 8.078004233539104462e-03
4.880000114440917969e+00 3.106279531493782997e-03
4.920000076293945312e+00 -9.238653583452105522e-04
4.960000038146972656e+00 -4.051557742059230804e-03
5.000000000000000000e+00 -6.363234482705593109e-03
5.039999961853027344e+00 -7.979739457368850708e-03
5.079999923706054688e+00 -9.041790850460529327e-03
5.119999885559082031e+00 -9.695420973002910614e-03
5.159999847412109375e+00 -1.007828302681446075e-02
5.199999809265136719e+00 -1.030867546796798706e-02
5.239999771118164062e+00 -1.047827210277318954e-02
5.279999732971191406e+00 -1.064942311495542526e-02
5.319999694824218750e+00 -1.085683144629001617e-02
5.359999656677246094e+00 -1.111361943185329437e-02
5.399999618530273438e+00 -1.141955237835645676e-02
5.439999580383300781e+00 -1.177043467760086060e-02
5.479999542236328125e+00 -1.216637715697288513e-02
5.520000457763671875e+00 -1.261730771511793137e-02
5.560000419616699219e+00 -1.314438134431838989e-02
5.600000381469726562e+00 -1.377714611589908600e-02
5.640000343322753906e+00 -1.454633008688688278e-02
5.680000305175781250e+00 -1.547396089881658554e-02
5.720000267028808594e+00 -1.656222343444824219e-02
5.760000228881835938e+00 -1.778329163789749146e-02
5.800000190734863281e+00 -1.907217875123023987e-02
5.840000152587890625e+00 -2.032446302473545074e-02
5.880000114440917969e+00 -2.139961160719394684e-02
5.920000076293945312e+00 -2.213055454194545746e-02
5.960000038146972656e+00 -2.233844064176082611e-02
6.000000000000000000e+00 -2.185144461691379547e-02
6.039999961853027344e+00 -2.052512019872665405e-02
6.079999923706054688e+00 -1.826205663383007050e-02
6.119999885559082031e+00 -1.502814702689647675e-02
6.159999847412109375e+00 -1.086327992379665375e-02
6.199999809265136719e+00 -5.884639918804168701e-03
6.239999771118164062e+00 -2.821240923367440701e-04
6.279999732971191406e+00 5.694307852536439896e-03
6.319999694824218750e+00 1.175379659980535507e-02
6.359999656677246094e+00 1.758849620819091797e-02
6.399999618530273438e+00 2.289939485490322113e-02
6.439999580383300781e+00 2.742123231291770935e-02
6.479999542236328125e+00 3.094376809895038605e-02
6.520000457763671875e+00 3.332711011171340942e-02
6.560000419616699219e+00 3.450983390212059021e-02
6.600000381469726562e+00 3.450932726263999939e-02
6.640000343322753906e+00 3.341505303978919983e-02
6.680000305175781250e+00 3.137614950537681580e-02
6.720000267028808594e+00 2.858518250286579132e-02
6.760000228881835938e+00 2.526047267019748688e-02
6.800000190734863281e+00 2.162876538932323456e-02
6.840000152587890625e+00 1.791011914610862732e-02
6.880000114440917969e+00 1.430588681250810623e-02
6.920000076293945312e+00 1.099030580371618271e-02
6.960000038146972656e+00 8.105475455522537231e-03
7.000000000000000000e+00 5.759400781244039536e-03
7.039999961853027344e+00 4.026183392852544785e-03
7.079999923706054688e+00 2.947857836261391640e-03
7.119999885559082031e+00 2.537152962759137154e-03
7.159999847412109375e+00 2.780947834253311157e-03
7.199999809265136719e+00 3.644061041995882988e-03
7.239999771118164062e+00 5.073347594588994980e-03
7.279999732971191406e+00 7.001848425716161728e-03
7.319999694824218750e+00 9.353095665574073792e-03
7.359999656677246094e+00 1.204494759440422058e-02
7.399999618530273438e+00 1.499304641038179398e-02
7.439999580383300781e+00 1.811319775879383087e-02
7.479999542236328125e+00 2.132287807762622833e-02
7.520000457763671875e+00 2.454136684536933899e-02
7.560000419616699219e+00 2.768901921808719635e-02
7.600000381469726562e+00 3.068586625158786774e-02
7.640000343322753906e+00 3.345011174678802490e-02
7.680000305175781250e+00 3.589711710810661316e-02
7.720000267028808594e+00 3.793966397643089294e-02
7.760000228881835938e+00 3.948944434523582458e-02
7.800000190734863281e+00 4.046064987778663635e-02
7.840000152587890625e+00 4.077484831213951111e-02
7.880000114440917969e+00 4.036742448806762695e-02
7.920000076293945312e+00 3.919432684779167175e-02
7.960000038146972656e+00 3.723878040909767151e-02
8.000000000000000000e+00 3.451684489846229553e-02
8.039999961853027344e+00 3.108107671141624451e-02
8.079999923706054688e+00 2.702159434556961060e-02
8.119999885559082031e+00 2.246437035501003265e-02
8.159999847412109375e+00 1.756633445620536804e-02
8.199999809265136719e+00 1.250780932605266571e-02
8.239999771118164062e+00 7.482578512281179428e-03
8.279999732971191406e+00 2.686425112187862396e-03
8.319999694824218750e+00 -1.695081358775496483e-03
8.359999656677246094e+00 -5.498654209077358246e-03
8.399999618530273438e+00 -8.594158105552196503e-03
8.439999580383300781e+00 -1.089366711676120758e-02
8.479999542236328125e+00 -1.235773600637912750e-02
8.520000457763671875e+00 -1.299843378365039825e-02
8.560000419616699219e+00 -1.287876069545745850e-02
8.600000381469726562e+00 -1.210809405893087387e-02
8.640000343322753906e+00 -1.083407923579216003e-02
8.680000305175781250e+00 -9.231136180460453033e-03
8.720000267028808594e+00 -7.486532907932996750e-03
8.760000228881835938e+00 -5.784924142062664032e-03
8.800000190734863281e+00 -4.292982164770364761e-03
8.840000152587890625e+00 -3.145246533676981926e-03
8.880000114440917969e+00 -2.432848792523145676e-03
8.920000076293945312e+00 -2.196210902184247971e-03
8.960000038146972656e+00 -2.422585384920239449e-03
9.000000000000000000e+00 -3.048683283850550652e-03
9.039999961853027344e+00 -3.968252334743738174e-03
9.079999923706054688e+00 -5.043585319072008133e-03
9.119999885559082031e+00 -6.119855679571628571e-03
9.159999847412109375e+00 -7.040610071271657944e-03
9.199999809265136719e+00 -7.662716787308454514e-03
9.239999771118164062e+00 -7.869251072406768799e-03
9.279999732971191406e+00 -7.579081691801548004e-03
9.319999694824218750e+00 -6.752307526767253876e-03
9.359999656677246094e+00 -5.391311831772327423e-03
9.399999618530273438e+00 -3.537669079378247261e-03
9.439999580383300781e+00 -1.265469589270651340e-03
9.479999542236328125e+00 1.327696722000837326e-03
9.520000457763671875e+00 4.131170921027660370e-03
9.560000419616699219e+00 7.031607441604137421e-03
9.600000381469726562e+00 9.922332130372524261e-03
9.640000343322753906e+00 1.271071936935186386e-02
9.680000305175781250e+00 1.532294228672981262e-02
9.720000267028808594e+00 1.770598441362380981e-02
9.760000228881835938e+00 1.982687972486019135e-02
9.800000190734863281e+00 2.166978269815444946e-02
9.840000152587890625e+00 2.323140949010848999e-02
9.880000114440917969e+00 2.451591938734054565e-02
9.920000076293945312e+00 2.552986703813076019e-02
9.960000038146972656e+00 2.627835795283317566e-02
1.000000000000000000e+01 2.676274813711643219e-02
1.003999996185302734e+01 2.698042988777160645e-02
1.007999992370605469e+01 2.692654170095920563e-02
1.011999988555908203e+01 2.659741044044494629e-02
1.015999984741210938e+01 2.599491178989410400e-02
1.019999980926513672e+01 2.513112872838973999e-02
1.023999977111816406e+01 2.403252571821212769e-02
1.027999973297119141e+01 2.274233289062976837e-02
1.031999969482421875e+01 2.132140472531318665e-02
1.035999965667724609e+01 1.984641887247562408e-02
1.039999961853027344e+01 1.840622350573539734e-02
1.043999958038330078e+01 1.709617674350738525e-02
1.047999954223632812e+01 1.601135171949863434e-02
1.052000045776367188e+01 1.523943617939949036e-02
1.056000041961669922e+01 1.485368236899375916e-02
1.060000038146972656e+01 1.490709185600280762e-02
1.064000034332275391e+01 1.542769931256771088e-02
1.068000030517578125e+01 1.641567796468734741e-02
1.072000026702880859e+01 1.784194819629192352e-02
1.076000022888183594e+01 1.964863389730453491e-02
1.080000019073486328e+01 2.175088599324226379e-02
1.084000015258789062e+01 2.404044568538665771e-02
1.088000011444091797e+01 2.639060653746128082e-02
1.092000007629394531e+01 2.866265736520290375e-02
1.096000003814697266e+01 3.071385249495506287e-02
1.100000000000000000e+01 3.240633755922317505e-02
1.104000091552734375e+01 3.361672163009643555e-02
1.107999992370605469e+01 3.424538299441337585e-02
1.112000083923339844e+01 3.422474116086959839e-02
1.115999984741210938e+01 3.352519869804382324e-02
1.120000076293945312e+01 3.215818107128143311e-02
1.123999977111816406e+01 3.017553687095642090e-02
1.128000068664550781e+01 2.766524069011211395e-02
1.131999969482421875e+01 2.474384941160678864e-02
1.136000061035156250e+01 2.154660038650035858e-02
1.139999961853027344e+01 1.821633428335189819e-02
1.144000053405761719e+01 1.489275135099887848e-02
1.147999954223632812e+01 1.170292589813470840e-02
1.152000045776367188e+01 8.754506707191467285e-03
1.155999946594238281e+01 6.131482310593128204e-03
1.160000038146972656e+01 3.892992157489061356e-03
1.163999938964843750e+01 2.074441639706492424e-03
1.168000030517578125e+01 6.902930326759815216e-04
1.171999931335449219e+01 -2.623055770527571440e-04
1.176000022888183594e+01 -7.998739019967615604e-04
1.179999923706054688e+01 -9.493306861259043217e-04
1.184000015258789062e+01 -7.455422892235219479e-04
1.187999916076660156e+01 -2.295943704666569829e-04
1.192000007629394531e+01 5.525094456970691681e-04
1.195999908447265625e+01 1.550830085761845112e-03
1.200000000000000000e+01 2.712822286412119865e-03
1.204000091552734375e+01 3.984822425991296768e-03
1.207999992370605469e+01 5.314243957400321960e-03
1.212000083923339844e+01 6.651963107287883759e-03
1.215999984741210938e+01 7.955091074109077454e-03
1.220000076293945312e+01 9.189508855342864990e-03
1.223999977111816406e+01 1.033203490078449249e-02
1.228000068664550781e+01 1.137190498411655426e-02
1.231999969482421875e+01 1.231124345213174820e-02
1.236000061035156250e+01 1.316454261541366577e-02
1.239999961853027344e+01 1.395717822015285492e-02
1.244000053405761719e+01 1.472301129251718521e-02
1.247999954223632812e+01 1.550156157463788986e-02
1.252000045776367188e+01 1.633496768772602081e-02
1.255999946594238281e+01 1.726533845067024231e-02
1.260000038146972656e+01 1.833262853324413300e-02
1.263999938964843750e+01 1.957378536462783813e-02
1.268000030517578125e+01 2.102285623550415039e-02
1.271999931335449219e+01 2.271236851811408997e-02
1.276000022888183594e+01 2.467543259263038635e-02
1.279999923706054688e+01 2.694803662598133087e-02
1.284000015258789062e+01 2.957084774971008301e-02
1.287999916076660156e+01 3.258953988552093506e-02
1.292000007629394531e+01 3.605288639664649963e-02
1.295999908447265625e+01 4.000800848007202148e-02
1.300000000000000000e+01 4.449282586574554443e-02
1.304000091552734375e+01 4.952585324645042419e-02
1.307999992370605469e+01 5.509472265839576721e-02
1.312000083923339844e+01 6.114467978477478027e-02
1.315999984741210938e+01 6.756936758756637573e-02
1.320000076293945312e+01 7.420578598976135254e-02
1.323999977111816406e+01 8.083540946245193481e-02
1.328000068664550781e+01 8.719220757484436035e-02
1.331999969482421875e+01 9.297836571931838989e-02
1.336000061035156250e+01 9.788592904806137085e-02
1.339999961853027344e+01 1.016229614615440369e-01
1.344000053405761719e+01 1.039405316114425659e-01
1.347999954223632812e+01 1.046575680375099182e-01
1.352000045776367188e+01 1.036799103021621704e-01
1.355999946594238281e+01 1.010109707713127136e-01
1.360000038146972656e+01 9.675252437591552734e-02
1.363999938964843750e+01 9.109538793563842773e-02
1.368000030517578125e+01 8.430168777704238892e-02
1.371999931335449219e+01 7.668060064315795898e-02
1.376000022888183594e+01 6.856168806552886963e-02
1.379999923706054688e+01 6.026857346296310425e-02
1.384000015258789062e+01 5.209634080529212952e-02
1.387999916076660156e+01 4.429473355412483215e-02
1.392000007629394531e+01 3.705833479762077332e-02
1.395999908447265625e+01 3.052352741360664368e-02
1.400000000000000000e+01 2.477122284471988678e-02
1.404000091552734375e+01 1.983374170958995819e-02
1.407999992370605469e+01 1.570385694503784180e-02
1.412000083923339844e+01 1.234429515898227692e-02
1.415999984741210938e+01 9.696342982351779938e-03
1.420000076293945312e+01 7.686819881200790405e-03
1.423999977111816406e+01 6.233289837837219238e-03
1.428000068664550781e+01 5.247697234153747559e-03
1.431999969482421875e+01 4.639219492673873901e-03
1.436000061035156250e+01 4.316619597375392914e-03
1.439999961853027344e+01 4.190789535641670227e-03
1.444000053405761719e+01 4.177566617727279663e-03
1.447999954223632812e+01 4.200678318738937378e-03
1.452000045776367188e+01 4.194651730358600616e-03
1.455999946594238281e+01 4.107151180505752563e-03
1.460000038146972656e+01 3.900442970916628838e-03
1.463999938964843750e+01 3.551769303157925606e-03
1.468000030517578125e+01 3.052478423342108727e-03
1.471999931335449219e+01 2.406343817710876465e-03
1.476000022888183594e+01 1.627087476663291454e-03
1.479999923706054688e+01 7.357906433753669262e-04
1.484000015258789062e+01 -2.416544739389792085e-04
1.487999916076660156e+01 -1.276690862141549587e-03
1.492000007629394531e+01 -2.339789643883705139e-03
1.495999908447265625e+01 -3.401748370379209518e-03
1.500000000000000000e+01 -4.434723872691392899e-03
1.504000091552734375e+01 -5.413240753114223480e-03
1.507999992370605469e+01 -6.315177772194147110e-03
1.512000083923339844e+01 -7.122845388948917389e-03
1.515999984741210938e+01 -7.824050262570381165e-03
1.520000076293945312e+01 -8.412718772888183594e-03
1.523999977111816406e+01 -8.889033459126949310e-03
1.528000068664550781e+01 -9.258843958377838135e-03
1.531999969482421875e+01 -9.532053023576736450e-03
1.536000061035156250e+01 -9.720390662550926208e-03
1.539999961853027344e+01 -9.834773838520050049e-03
1.544000053405761719e+01 -9.882451035082340240e-03
1.547999954223632812e+01 -9.865122847259044647e-03
1.552000045776367188e+01 -9.777669794857501984e-03
1.555999946594238281e+01 -9.608516469597816467e-03
1.560000038146972656e+01 -9.341361932456493378e-03
1.563999938964843750e+01 -8.957995101809501648e-03
1.568000030517578125e+01 -8.442133665084838867e-03
1.571999931335449219e+01 -7.783296983689069748e-03
1.576000022888183594e+01 -6.980373989790678024e-03
1.579999923706054688e+01 -6.044188980013132095e-03
1.584000015258789062e+01 -4.998716991394758224e-03
1.587999916076660156e+01 -3.880711738020181656e-03
1.592000007629394531e+01 -2.737884875386953354e-03
1.595999908447265625e+01 -1.625701901502907276e-03
1.600000000000000000e+01 -6.032115197740495205e-04
1.604000091552734375e+01 2.715862647164613008e-04
1.607999992370605469e+01 9.466121555306017399e-04
1.612000083923339844e+01 1.380129018798470497e-03
1.615999984741210938e+01 1.544470898807048798e-03
1.620000076293945312e+01 1.428802148438990116e-03
1.623999977111816406e+01 1.040433999150991440e-03
1.628000068664550781e+01 4.047942056786268950e-04
1.631999969482421875e+01 -4.361539031378924847e-04
1.636000061035156250e+01 -1.426829607225954533e-03
1.639999961853027344e+01 -2.502084476873278618e-03
1.644000053405761719e+01 -3.591943997889757156e-03
1.647999954223632812e+01 -4.626553039997816086e-03
1.652000045776367188e+01 -5.540929734706878662e-03
1.655999946594238281e+01 -6.279041059315204620e-03
1.660000038146972656e+01 -6.796997971832752228e-03
1.663999938964843750e+01 -7.065211888402700424e-03
1.668000030517578125e+01 -7.069691549986600876e-03
1.671999931335449219e+01 -6.812547799199819565e-03
1.676000022888183594e+01 -6.312166340649127960e-03
1.679999923706054688e+01 -5.602890159934759140e-03
1.684000015258789062e+01 -4.734678193926811218e-03
1.687999916076660156e+01 -3.772360505536198616e-03
1.692000007629394531e+01 -2.794375410303473473e-03
1.695999908447265625e+01 -1.890728599391877651e-03
1.700000000000000000e+01 -1.159723964519798756e-03
1.704000091552734375e+01 -7.033899892121553421e-04
1.707999992370605469e+01 -6.215345929376780987e-04
1.712000083923339844e+01 -1.004636171273887157e-03
1.715999984741210938e+01 -1.926175900734961033e-03
1.720000076293945312e+01 -3.435010323300957680e-03
1.723999977111816406e+01 -5.548724904656410217e-03
1.728000068664550781e+01 -8.248724043369293213e-03
1.731999969482421875e+01 -1.147783081978559494e-02
1.736000061035156250e+01 -1.514100283384323120e-02
1.739999961853027344e+01 -1.910916715860366821e-02
1.744000053405761719e+01 -2.322616986930370331e-02
1.747999954223632812e+01 -2.731832116842269897e-02
1.752000045776367188e+01 -3.120563551783561707e-02
1.755999946594238281e+01 -3.471382707357406616e-02
1.760000038146972656e+01 -3.768589347600936890e-02
1.763999938964843750e+01 -3.999219089746475220e-02
1.768000030517578125e+01 -4.153804481029510498e-02
1.771999931335449219e+01 -4.226839542388916016e-02
1.776000022888183594e+01 -4.216900840401649475e-02
1.779999923706054688e+01 -4.126470163464546204e-02
1.784000015258789062e+01 -3.961475193500518799e-02
1.787999916076660156e+01 -3.730651363730430603e-02
1.792000007629394531e+01 -3.444813191890716553e-02
1.795999908447265625e+01 -3.116097860038280487e-02
1.800000000000000000e+01 -2.757279388606548309e-02
1.804000091552734375e+01 -2.381201833486557007e-02
1.807999992370605469e+01 -2.000302262604236603e-02
1.812000083923339844e+01 -1.626280322670936584e-02
1.815999984741210938e+01 -1.269834581762552261e-02
1.820000076293945312e+01 -9.404592216014862061e-03
1.823999977111816406e+01 -6.462796125560998917e-03
1.828000068664550781e+01 -3.938890062272548676e-03
1.831999969482421875e+01 -1.882164622657001019e-03
1.836000061035156250e+01 -3.242475504521280527e-04
1.839999961853027344e+01 7.214084616862237453e-04
1.844000053405761719e+01 1.259202137589454651e-03
1.847999954223632812e+01 1.310250139795243740e-03
1.852000045776367188e+01 9.102754993364214897e-04
1.855999946594238281e+01 1.068228884832933545e-04
1.860000038146972656e+01 -1.044106669723987579e-03
1.863999938964843750e+01 -2.481466392055153847e-03
1.868000030517578125e+01 -4.142504185438156128e-03
1.871999931335449219e+01 -5.965481512248516083e-03
1.876000022888183594e+01 -7.891770452260971069e-03
1.879999923706054688e+01 -9.867068380117416382e-03
1.884000015258789062e+01 -1.184191089123487473e-02
1.887999916076660156e+01 -1.377166900783777237e-02
1.892000007629394531e+01 -1.561629679054021835e-02
1.895999908447265625e+01 -1.734019629657268524e-02
1.900000000000000000e+01 -1.891248673200607300e-02
1.904000091552734375e+01 -2.030804008245468140e-02
1.907999992370605469e+01 -2.150910906493663788e-02
1.912000083923339844e+01 -2.250760421156883240e-02
1.915999984741210938e+01 -2.330759540200233459e-02
1.920000076293945312e+01 -2.392747066915035248e-02
1.923999977111816406e+01 -2.440119162201881409e-02
1.928000068664550781e+01 -2.477822080254554749e-02
1.931999969482421875e+01 -2.512148767709732056e-02
1.936000061035156250e+01 -2.550351433455944061e-02
1.939999961853027344e+01 -2.600074931979179382e-02
1.944000053405761719e+01 -2.668667025864124298e-02
1.947999954223632812e+01 -2.762433700263500214e-02
1.952000045776367188e+01 -2.885938063263893127e-02
1.955999946594238281e+01 -3.041411750018596649e-02
1.960000038146972656e+01 -3.228363022208213806e-02
1.963999938964843750e+01 -3.443417325615882874e-02
1.968000030517578125e+01 -3.680403530597686768e-02
1.971999931335449219e+01 -3.930680826306343079e-02
1.976000022888183594e+01 -4.183641448616981506e-02
1.979999923706054688e+01 -4.427363723516464233e-02
1.984000015258789062e+01 -4.649325460195541382e-02
1.987999916076660156e+01 -4.837140440940856934e-02
1.992000007629394531e+01 -4.979264736175537109e-02
1.995999908447265625e+01 -5.065637081861495972e-02
2.000000000000000000e+01 -5.088234320282936096e-02
