-5.000000000000000000e+00 -9.313225746154785156e-09
-4.500000000000000000e+00 1.862645149230957031e-08
-4.000000000000000000e+00 -4.656612873077392578e-09
-3.500000000000000000e+00 1.011649146676063538e-06
-3.000000000000000000e+00 2.806133124977350235e-05
-2.500000000000000000e+00 4.630093462765216827e-04
-2.000000000000000000e+00 4.632014781236648560e-03
-1.500000000000000000e+00 2.814822643995285034e-02
-1.000000000000000000e+00 1.039731651544570923e-01
-5.000000000000000000e-01 2.336833626031875610e-01
0.000000000000000000e+00 3.200458884239196777e-01
5.000000000000000000e-01 2.676755189895629883e-01
1.000000000000000000e+00 1.373939514160156250e-01
1.500000000000000000e+00 4.607042670249938965e-02
2.000000000000000000e+00 2.481039986014366150e-02
2.500000000000000000e+00 5.729231238365173340e-02
3.000000000000000000e+00 1.173249185085296631e-01
3.500000000000000000e+00 1.478143483400344849e-01
4.000000000000000000e+00 1.092488914728164673e-01
4.500000000000000000e+00 3.729141876101493835e-02
5.000000000000000000e+00 -1.041336078196763992e-02
5.500000000000000000e+00 -1.038185134530067444e-02
6.000000000000000000e+00 2.553455531597137451e-02
6.500000000000000000e+00 5.957376211881637573e-02
7.000000000000000000e+00 5.692830309271812439e-02
7.500000000000000000e+00 2.127360738813877106e-02
8.000000000000000000e+00 -9.571669623255729675e-03
8.500000000000000000e+00 -7.833160459995269775e-03
9.000000000000000000e+00 1.621961966156959534e-02
9.500000000000000000e+00 3.033213503658771515e-02
1.000000000000000000e+01 1.679566316306591034e-02
1.050000000000000000e+01 -8.467581123113632202e-03
1.100000000000000000e+01 -1.296300441026687622e-02
1.150000000000000000e+01 1.960377767682075500e-02
1.200000000000000000e+01 6.714503467082977295e-02
1.250000000000000000e+01 8.078086376190185547e-02
1.300000000000000000e+01 4.211138933897018433e-02
1.350000000000000000e+01 -6.125116720795631409e-03
1.400000000000000000e+01 -2.191763743758201599e-02
1.450000000000000000e+01 -1.696576178073883057e-02
1.500000000000000000e+01 -2.145629562437534332e-02
1.550000000000000000e+01 -3.744233399629592896e-02
1.600000000000000000e+01 -4.415470361709594727e-02
1.650000000000000000e+01 -3.156980872154235840e-02
1.700000000000000000e+01 -1.095720473676919937e-02
1.750000000000000000e+01 5.046940408647060394e-03
1.800000000000000000e+01 1.332106813788414001e-02
1.850000000000000000e+01 1.395372208207845688e-02
1.900000000000000000e+01 9.231925010681152344e-03
1.950000000000000000e+01 5.313369911164045334e-03
2.000000000000000000e+01 7.079797796905040741e-03
2.050000000000000000e+01 1.356229186058044434e-02
2.100000000000000000e+01 1.784991659224033356e-02
2.150000000000000000e+01 1.508419588208198547e-02
2.200000000000000000e+01 1.138330623507499695e-02
2.250000000000000000e+01 1.787793636322021484e-02
2.300000000000000000e+01 3.589583188295364380e-02
2.350000000000000000e+01 4.876361042261123657e-02
2.400000000000000000e+01 3.759413212537765503e-02
2.450000000000000000e+01 6.997146643698215485e-03
2.500000000000000000e+01 -1.905389875173568726e-02
2.550000000000000000e+01 -2.093881741166114807e-02
2.600000000000000000e+01 2.424585545668378472e-04
2.650000000000000000e+01 2.362412214279174805e-02
2.700000000000000000e+01 2.523513883352279663e-02
2.750000000000000000e+01 -1.030990621075034142e-03
2.800000000000000000e+01 -3.463041782379150391e-02
2.850000000000000000e+01 -4.428140074014663696e-02
2.900000000000000000e+01 -2.107666619122028351e-02
2.950000000000000000e+01 1.184128038585186005e-02
3.000000000000000000e+01 3.414360806345939636e-02
3.050000000000000000e+01 4.434174299240112305e-02
3.100000000000000000e+01 4.135392233729362488e-02
3.150000000000000000e+01 2.687166444957256317e-02
3.200000000000000000e+01 9.427275508642196655e-03
3.250000000000000000e+01 -7.416054140776395798e-03
3.300000000000000000e+01 -1.826291345059871674e-02
3.350000000000000000e+01 -9.067073464393615723e-03
3.400000000000000000e+01 2.471429295837879181e-02
3.450000000000000000e+01 5.833306163549423218e-02
3.500000000000000000e+01 5.738509446382522583e-02
3.550000000000000000e+01 2.174280397593975067e-02
3.600000000000000000e+01 -1.788407564163208008e-02
3.650000000000000000e+01 -3.439084440469741821e-02
3.700000000000000000e+01 -2.024375088512897491e-02
3.750000000000000000e+01 1.308465562760829926e-02
3.800000000000000000e+01 4.388792440295219421e-02
3.850000000000000000e+01 4.987210407853126526e-02
3.900000000000000000e+01 3.015435300767421722e-02
3.950000000000000000e+01 7.646166719496250153e-03
4.000000000000000000e+01 -4.483706783503293991e-03
4.050000000000000000e+01 -1.280372869223356247e-02
4.100000000000000000e+01 -2.307936549186706543e-02
4.150000000000000000e+01 -2.854014001786708832e-02
4.200000000000000000e+01 -2.056882902979850769e-02
4.250000000000000000e+01 -7.016627932898700237e-04
4.300000000000000000e+01 2.133821696043014526e-02
4.350000000000000000e+01 3.213973715901374817e-02
4.400000000000000000e+01 2.507684007287025452e-02
4.450000000000000000e+01 7.428457494825124741e-03
4.500000000000000000e+01 -9.911719709634780884e-03
4.550000000000000000e+01 -1.662110723555088043e-02
4.600000000000000000e+01 -2.225472126156091690e-03
4.650000000000000000e+01 2.816141396760940552e-02
4.700000000000000000e+01 4.747303202748298645e-02
4.750000000000000000e+01 3.743430227041244507e-02
4.800000000000000000e+01 1.243043784052133560e-02
4.850000000000000000e+01 -5.599171854555606842e-03
4.900000000000000000e+01 -1.334704086184501648e-02
4.950000000000000000e+01 -1.665027439594268799e-02
5.000000000000000000e+01 -1.258481293916702271e-02
5.050000000000000000e+01 4.616258665919303894e-03
5.100000000000000000e+01 2.373518422245979309e-02
5.150000000000000000e+01 2.670702524483203888e-02
5.200000000000000000e+01 1.568811945617198944e-02
5.250000000000000000e+01 5.350476130843162537e-03
5.300000000000000000e+01 1.090338919311761856e-03
5.350000000000000000e+01 1.340149901807308197e-04
5.400000000000000000e+01 9.955838322639465332e-06
5.450000000000000000e+01 4.237517714500427246e-07
5.500000000000000000e+01 2.328306436538696289e-08
5.550000000000000000e+01 3.725290298461914062e-08
5.600000000000000000e+01 2.226443029940128326e-08
5.650000000000000000e+01 3.085006028413772583e-08
5.700000000000000000e+01 7.858034223318099976e-09
5.750000000000000000e+01 6.984919309616088867e-09
5.800000000000000000e+01 1.862645149230957031e-08
5.850000000000000000e+01 -1.164153218269348145e-09
5.900000000000000000e+01 -3.245077095925807953e-08
5.950000000000000000e+01 1.164153218269348145e-09
6.000000000000000000e+01 8.440110832452774048e-09
6.050000000000000000e+01 5.355104804039001465e-08
6.100000000000000000e+01 2.328306436538696289e-08
6.150000000000000000e+01 -3.637978807091712952e-11
6.200000000000000000e+01 -3.143213689327239990e-08
6.250000000000000000e+01 -9.022187441587448120e-09
6.300000000000000000e+01 -2.328306436538696289e-09
6.350000000000000000e+01 1.396983861923217773e-08
6.400000000000000000e+01 2.328306436538696289e-08
6.450000000000000000e+01 3.259629011154174805e-08
