-5.000000000000000000e+00 -2.095475792884826660e-08
-4.500000000000000000e+00 -1.746229827404022217e-09
-4.000000000000000000e+00 -8.149072527885437012e-09
-3.500000000000000000e+00 6.100162863731384277e-07
-3.000000000000000000e+00 1.676264218986034393e-05
-2.500000000000000000e+00 2.918366226367652416e-04
-2.000000000000000000e+00 3.141752444207668304e-03
-1.500000000000000000e+00 2.088382840156555176e-02
-1.000000000000000000e+00 8.535125851631164551e-02
-5.000000000000000000e-01 2.125865817070007324e-01
0.000000000000000000e+00 3.168036937713623047e-01
5.000000000000000000e-01 2.707748711109161377e-01
1.000000000000000000e+00 1.182217299938201904e-01
1.500000000000000000e+00 1.907375082373619080e-02
2.000000000000000000e+00 1.729124039411544800e-02
2.500000000000000000e+00 5.748360604047775269e-02
3.000000000000000000e+00 9.417907893657684326e-02
3.500000000000000000e+00 9.770846366882324219e-02
4.000000000000000000e+00 6.682418286800384521e-02
4.500000000000000000e+00 3.495160117745399475e-02
5.000000000000000000e+00 2.002461254596710205e-02
5.500000000000000000e+00 1.204517669975757599e-02
6.000000000000000000e+00 2.813469152897596359e-03
6.500000000000000000e+00 -7.074083667248487473e-03
7.000000000000000000e+00 -1.449349336326122284e-02
7.500000000000000000e+00 -1.503833569586277008e-02
8.000000000000000000e+00 -8.843077346682548523e-03
8.500000000000000000e+00 -3.380425972864031792e-03
9.000000000000000000e+00 -5.333351437002420425e-03
9.500000000000000000e+00 -1.366375572979450226e-02
1.000000000000000000e+01 -1.938152872025966644e-02
1.050000000000000000e+01 -1.285443827509880066e-02
1.100000000000000000e+01 6.634148769080638885e-03
1.150000000000000000e+01 2.918767184019088745e-02
1.200000000000000000e+01 3.819241747260093689e-02
1.250000000000000000e+01 2.525484003126621246e-02
1.300000000000000000e+01 6.332212360575795174e-04
1.350000000000000000e+01 -2.058370411396026611e-02
1.400000000000000000e+01 -3.200362622737884521e-02
1.450000000000000000e+01 -4.128728061914443970e-02
1.500000000000000000e+01 -5.840767547488212585e-02
1.550000000000000000e+01 -6.965510547161102295e-02
1.600000000000000000e+01 -5.640715733170509338e-02
1.650000000000000000e+01 -3.177818283438682556e-02
1.700000000000000000e+01 -1.703774370253086090e-02
1.750000000000000000e+01 -1.127850450575351715e-02
1.800000000000000000e+01 -5.441742017865180969e-03
1.850000000000000000e+01 8.621518500149250031e-04
1.900000000000000000e+01 3.563215024769306183e-03
1.950000000000000000e+01 2.619778271764516830e-03
2.000000000000000000e+01 8.681954932399094105e-04
2.050000000000000000e+01 -5.127717158757150173e-04
2.100000000000000000e+01 -2.044559456408023834e-03
2.150000000000000000e+01 -3.689907956868410110e-03
2.200000000000000000e+01 -4.427044186741113663e-03
2.250000000000000000e+01 -3.728304291144013405e-03
2.300000000000000000e+01 -2.219022717326879501e-03
2.350000000000000000e+01 -9.028841741383075714e-04
2.400000000000000000e+01 -2.399691584287211299e-04
2.450000000000000000e+01 -4.016044476884417236e-05
2.500000000000000000e+01 -3.306261078250827268e-06
2.550000000000000000e+01 1.187920679512899369e-05
2.600000000000000000e+01 1.172320189652964473e-04
2.650000000000000000e+01 7.095033652149140835e-04
2.700000000000000000e+01 2.684135921299457550e-03
2.750000000000000000e+01 6.525266915559768677e-03
2.800000000000000000e+01 1.139445416629314423e-02
2.850000000000000000e+01 1.849417947232723236e-02
2.900000000000000000e+01 3.084209747612476349e-02
2.950000000000000000e+01 4.027432948350906372e-02
3.000000000000000000e+01 3.232702985405921936e-02
3.050000000000000000e+01 1.369759626686573029e-02
3.100000000000000000e+01 3.587014973163604736e-03
3.150000000000000000e+01 6.143515929579734802e-03
3.200000000000000000e+01 1.525267772376537323e-02
3.250000000000000000e+01 2.395068481564521790e-02
3.300000000000000000e+01 2.413629367947578430e-02
3.350000000000000000e+01 1.510227099061012268e-02
3.400000000000000000e+01 4.811225458979606628e-03
3.450000000000000000e+01 -3.480015788227319717e-03
3.500000000000000000e+01 -1.271000597625970840e-02
3.550000000000000000e+01 -2.076003514230251312e-02
3.600000000000000000e+01 -2.038188278675079346e-02
3.650000000000000000e+01 -1.203021779656410217e-02
3.700000000000000000e+01 -3.307047300040721893e-03
3.750000000000000000e+01 2.955087693408131599e-03
3.800000000000000000e+01 7.900773547589778900e-03
3.850000000000000000e+01 9.845605120062828064e-03
3.900000000000000000e+01 7.001436315476894379e-03
3.950000000000000000e+01 1.977642532438039780e-03
4.000000000000000000e+01 -1.552782719954848289e-03
4.050000000000000000e+01 -2.153245266526937485e-03
4.100000000000000000e+01 -1.037296533468179405e-04
4.150000000000000000e+01 3.287769388407468796e-03
4.200000000000000000e+01 5.667166784405708313e-03
4.250000000000000000e+01 4.695987328886985779e-03
4.300000000000000000e+01 1.653082290431484580e-04
4.350000000000000000e+01 -6.560544483363628387e-03
4.400000000000000000e+01 -1.248837634921073914e-02
4.450000000000000000e+01 -1.285278983414173126e-02
4.500000000000000000e+01 -6.611256394535303116e-03
4.550000000000000000e+01 2.074367832392454147e-03
4.600000000000000000e+01 9.183128364384174347e-03
4.650000000000000000e+01 1.413387991487979889e-02
4.700000000000000000e+01 2.055643126368522644e-02
4.750000000000000000e+01 2.815194800496101379e-02
4.800000000000000000e+01 2.688144333660602570e-02
4.850000000000000000e+01 1.417599618434906006e-02
4.900000000000000000e+01 2.275594510138034821e-03
4.950000000000000000e+01 -1.510386355221271515e-03
5.000000000000000000e+01 -9.850738570094108582e-04
5.050000000000000000e+01 -2.598483115434646606e-04
5.100000000000000000e+01 -3.766268491744995117e-05
5.150000000000000000e+01 -3.185123205184936523e-06
5.200000000000000000e+01 -1.303851604461669922e-07
5.250000000000000000e+01 1.164153218269348145e-08
5.300000000000000000e+01 1.164153218269348145e-09
5.350000000000000000e+01 -1.164153218269348145e-08
5.400000000000000000e+01 0.000000000000000000e+00
5.450000000000000000e+01 9.313225746154785156e-09
5.500000000000000000e+01 9.313225746154785156e-09
5.550000000000000000e+01 3.725290298461914062e-08
5.600000000000000000e+01 1.047737896442413330e-08
5.650000000000000000e+01 -1.222360879182815552e-08
5.700000000000000000e+01 8.440110832452774048e-09
5.750000000000000000e+01 1.178705133497714996e-08
5.800000000000000000e+01 -4.656612873077392578e-09
5.850000000000000000e+01 -1.513399183750152588e-08
5.900000000000000000e+01 -3.783497959375381470e-08
5.950000000000000000e+01 -1.135049387812614441e-08
6.000000000000000000e+01 2.910383045673370361e-09
6.050000000000000000e+01 4.423782229423522949e-08
6.100000000000000000e+01 1.746229827404022217e-08
6.150000000000000000e+01 -1.338776201009750366e-08
6.200000000000000000e+01 -3.121385816484689713e-08
6.250000000000000000e+01 -5.820766091346740723e-09
6.300000000000000000e+01 5.820766091346740723e-09
6.350000000000000000e+01 1.280568540096282959e-08
6.400000000000000000e+01 -1.455191522836685181e-08
6.450000000000000000e+01 -1.280568540096282959e-08
