-5.000000000000000000e+00 -1.746229827404022217e-08
-4.500000000000000000e+00 -2.328306436538696289e-09
-4.000000000000000000e+00 -1.164153218269348145e-09
-3.500000000000000000e+00 6.880145519971847534e-07
-3.000000000000000000e+00 1.991866156458854675e-05
-2.500000000000000000e+00 3.522651968523859978e-04
-2.000000000000000000e+00 3.782987594604492188e-03
-1.500000000000000000e+00 2.468915656208992004e-02
-1.000000000000000000e+00 9.801162779331207275e-02
-5.000000000000000000e-01 2.367563396692276001e-01
0.000000000000000000e+00 3.468133509159088135e-01
5.000000000000000000e-01 3.021477460861206055e-01
1.000000000000000000e+00 1.434270590543746948e-01
1.500000000000000000e+00 2.185557410120964050e-02
2.000000000000000000e+00 -4.224832635372877121e-03
2.500000000000000000e+00 2.355051785707473755e-02
3.000000000000000000e+00 6.410168111324310303e-02
3.500000000000000000e+00 9.510461241006851196e-02
4.000000000000000000e+00 9.187732636928558350e-02
4.500000000000000000e+00 5.798120796680450439e-02
5.000000000000000000e+00 2.743568085134029388e-02
5.500000000000000000e+00 1.658565923571586609e-02
6.000000000000000000e+00 1.972468942403793335e-02
6.500000000000000000e+00 2.641368657350540161e-02
7.000000000000000000e+00 1.935243234038352966e-02
7.500000000000000000e+00 -8.467969484627246857e-03
8.000000000000000000e+00 -2.981578744947910309e-02
8.500000000000000000e+00 -1.544619537889957428e-02
9.000000000000000000e+00 1.706507243216037750e-02
9.500000000000000000e+00 2.685357816517353058e-02
1.000000000000000000e+01 9.642785415053367615e-03
1.050000000000000000e+01 -1.307385973632335663e-03
1.100000000000000000e+01 1.669112034142017365e-02
1.150000000000000000e+01 4.982088506221771240e-02
1.200000000000000000e+01 6.489620357751846313e-02
1.250000000000000000e+01 4.962826147675514221e-02
1.300000000000000000e+01 2.486484125256538391e-02
1.350000000000000000e+01 8.902822621166706085e-03
1.400000000000000000e+01 -2.162746386602520943e-03
1.450000000000000000e+01 -2.081878855824470520e-02
1.500000000000000000e+01 -5.186158418655395508e-02
1.550000000000000000e+01 -7.543692737817764282e-02
1.600000000000000000e+01 -6.241521984338760376e-02
1.650000000000000000e+01 -2.159258723258972168e-02
1.700000000000000000e+01 9.601289406418800354e-03
1.750000000000000000e+01 1.577188819646835327e-02
1.800000000000000000e+01 8.611144497990608215e-03
1.850000000000000000e+01 -2.714549482334405184e-04
1.900000000000000000e+01 -8.349861018359661102e-03
1.950000000000000000e+01 -1.356199849396944046e-02
2.000000000000000000e+01 -1.261320710182189941e-02
2.050000000000000000e+01 -7.098000962287187576e-03
2.100000000000000000e+01 -9.447655174881219864e-04
2.150000000000000000e+01 6.465956103056669235e-03
2.200000000000000000e+01 1.655906811356544495e-02
2.250000000000000000e+01 2.306660637259483337e-02
2.300000000000000000e+01 1.825950480997562408e-02
2.350000000000000000e+01 5.484119988977909088e-03
2.400000000000000000e+01 -6.263583898544311523e-03
2.450000000000000000e+01 -1.176939718425273895e-02
2.500000000000000000e+01 -1.088981330394744873e-02
2.550000000000000000e+01 -7.406902499496936798e-03
2.600000000000000000e+01 -4.282812122255563736e-03
2.650000000000000000e+01 -1.996055012568831444e-03
2.700000000000000000e+01 -6.565838120877742767e-04
2.750000000000000000e+01 -1.648997131269425154e-04
2.800000000000000000e+01 1.798708399292081594e-04
2.850000000000000000e+01 2.704362850636243820e-03
2.900000000000000000e+01 1.274891290813684464e-02
2.950000000000000000e+01 3.173059970140457153e-02
3.000000000000000000e+01 4.567786678671836853e-02
3.050000000000000000e+01 3.914558142423629761e-02
3.100000000000000000e+01 1.666352152824401855e-02
3.150000000000000000e+01 -1.297317910939455032e-02
3.200000000000000000e+01 -4.346122965216636658e-02
3.250000000000000000e+01 -5.496925860643386841e-02
3.300000000000000000e+01 -3.966077417135238647e-02
3.350000000000000000e+01 -1.821693032979965210e-02
3.400000000000000000e+01 -9.465010953135788441e-04
3.450000000000000000e+01 2.165406569838523865e-02
3.500000000000000000e+01 4.488848522305488586e-02
3.550000000000000000e+01 4.780371487140655518e-02
3.600000000000000000e+01 2.949423715472221375e-02
3.650000000000000000e+01 1.010840665549039841e-02
3.700000000000000000e+01 -1.106594456359744072e-03
3.750000000000000000e+01 -9.240999817848205566e-03
3.800000000000000000e+01 -1.819480955600738525e-02
3.850000000000000000e+01 -2.598033845424652100e-02
3.900000000000000000e+01 -2.894523553550243378e-02
3.950000000000000000e+01 -2.668171189725399017e-02
4.000000000000000000e+01 -2.055966295301914215e-02
4.050000000000000000e+01 -1.069399528205394745e-02
4.100000000000000000e+01 -9.897229028865695000e-05
4.150000000000000000e+01 5.243537016212940216e-03
4.200000000000000000e+01 1.381291309371590614e-03
4.250000000000000000e+01 -1.131496299058198929e-02
4.300000000000000000e+01 -2.504832670092582703e-02
4.350000000000000000e+01 -2.628195099532604218e-02
4.400000000000000000e+01 -1.186749897897243500e-02
4.450000000000000000e+01 5.453173536807298660e-03
4.500000000000000000e+01 1.471076160669326782e-02
4.550000000000000000e+01 1.819996349513530731e-02
4.600000000000000000e+01 2.359243482351303101e-02
4.650000000000000000e+01 2.959872595965862274e-02
4.700000000000000000e+01 2.817561663687229156e-02
4.750000000000000000e+01 1.998710632324218750e-02
4.800000000000000000e+01 1.261947490274906158e-02
4.850000000000000000e+01 8.186757564544677734e-03
4.900000000000000000e+01 5.326369311660528183e-03
4.950000000000000000e+01 5.356926470994949341e-03
5.000000000000000000e+01 9.535341523587703705e-03
5.050000000000000000e+01 1.397332176566123962e-02
5.100000000000000000e+01 1.280014403164386749e-02
5.150000000000000000e+01 6.978269666433334351e-03
5.200000000000000000e+01 2.194596454501152039e-03
5.250000000000000000e+01 3.736815415322780609e-04
5.300000000000000000e+01 2.769855200313031673e-05
5.350000000000000000e+01 -5.157198756933212280e-07
5.400000000000000000e+01 -2.421438694000244141e-07
5.450000000000000000e+01 -1.862645149230957031e-08
5.500000000000000000e+01 3.259629011154174805e-08
5.550000000000000000e+01 4.656612873077392578e-08
5.600000000000000000e+01 1.746229827404022217e-08
5.650000000000000000e+01 -1.280568540096282959e-08
5.700000000000000000e+01 -8.731149137020111084e-09
5.750000000000000000e+01 5.820766091346740723e-09
5.800000000000000000e+01 -1.746229827404022217e-08
5.850000000000000000e+01 -1.266016624867916107e-08
5.900000000000000000e+01 -4.190951585769653320e-08
5.950000000000000000e+01 -1.047737896442413330e-08
6.000000000000000000e+01 7.858034223318099976e-09
6.050000000000000000e+01 5.587935447692871094e-08
6.100000000000000000e+01 4.598405212163925171e-08
6.150000000000000000e+01 9.540599421598017216e-09
6.200000000000000000e+01 -2.008164301514625549e-08
6.250000000000000000e+01 -5.820766091346740723e-09
6.300000000000000000e+01 -2.328306436538696289e-09
6.350000000000000000e+01 1.164153218269348145e-08
6.400000000000000000e+01 -4.074536263942718506e-08
6.450000000000000000e+01 -2.502929419279098511e-08
