-5.000000000000000000e+00 -1.629814505577087402e-08
-4.500000000000000000e+00 -1.571606844663619995e-08
-4.000000000000000000e+00 -1.484295353293418884e-08
-3.500000000000000000e+00 1.683656591922044754e-07
-3.000000000000000000e+00 4.951725713908672333e-06
-2.500000000000000000e+00 9.974173735827207565e-05
-2.000000000000000000e+00 1.260806457139551640e-03
-1.500000000000000000e+00 9.938830509781837463e-03
-1.000000000000000000e+00 4.852212965488433838e-02
-5.000000000000000000e-01 1.457615047693252563e-01
0.000000000000000000e+00 2.677288949489593506e-01
5.000000000000000000e-01 2.983756661415100098e-01
1.000000000000000000e+00 1.981005072593688965e-01
1.500000000000000000e+00 7.174140959978103638e-02
2.000000000000000000e+00 8.124831132590770721e-03
2.500000000000000000e+00 1.291392277926206589e-02
3.000000000000000000e+00 6.239139288663864136e-02
3.500000000000000000e+00 1.105784177780151367e-01
4.000000000000000000e+00 1.073847338557243347e-01
4.500000000000000000e+00 6.054972112178802490e-02
5.000000000000000000e+00 1.903999410569667816e-02
5.500000000000000000e+00 3.917237278074026108e-03
6.000000000000000000e+00 5.951470695436000824e-03
6.500000000000000000e+00 1.309212483465671539e-02
7.000000000000000000e+00 1.567793264985084534e-02
7.500000000000000000e+00 8.959601633250713348e-03
8.000000000000000000e+00 -2.513759536668658257e-03
8.500000000000000000e+00 -1.070212107151746750e-02
9.000000000000000000e+00 -1.223835162818431854e-02
9.500000000000000000e+00 -1.067051757127046585e-02
1.000000000000000000e+01 -1.029777713119983673e-02
1.050000000000000000e+01 -1.055185124278068542e-02
1.100000000000000000e+01 -8.180707693099975586e-03
1.150000000000000000e+01 1.334692351520061493e-03
1.200000000000000000e+01 1.954080909490585327e-02
1.250000000000000000e+01 3.573416173458099365e-02
1.300000000000000000e+01 3.376788645982742310e-02
1.350000000000000000e+01 1.267120614647865295e-02
1.400000000000000000e+01 -1.524524576961994171e-02
1.450000000000000000e+01 -4.186518490314483643e-02
1.500000000000000000e+01 -6.930433213710784912e-02
1.550000000000000000e+01 -9.673708677291870117e-02
1.600000000000000000e+01 -9.974242746829986572e-02
1.650000000000000000e+01 -6.348506361246109009e-02
1.700000000000000000e+01 -2.088643610477447510e-02
1.750000000000000000e+01 -6.684632971882820129e-03
1.800000000000000000e+01 -1.965999603271484375e-02
1.850000000000000000e+01 -3.939570859074592590e-02
1.900000000000000000e+01 -4.388790577650070190e-02
1.950000000000000000e+01 -2.883184328675270081e-02
2.000000000000000000e+01 -1.064895465970039368e-02
2.050000000000000000e+01 -1.792997587472200394e-03
2.100000000000000000e+01 -2.065742388367652893e-03
2.150000000000000000e+01 -7.203989662230014801e-03
2.200000000000000000e+01 -1.119122840464115143e-02
2.250000000000000000e+01 -7.716913241893053055e-03
2.300000000000000000e+01 3.923120908439159393e-03
2.350000000000000000e+01 1.662668213248252869e-02
2.400000000000000000e+01 1.918736100196838379e-02
2.450000000000000000e+01 5.313607398420572281e-03
2.500000000000000000e+01 -2.045615017414093018e-02
2.550000000000000000e+01 -4.306125640869140625e-02
2.600000000000000000e+01 -4.409325867891311646e-02
2.650000000000000000e+01 -2.278196625411510468e-02
2.700000000000000000e+01 1.552889705635607243e-03
2.750000000000000000e+01 8.474410511553287506e-03
2.800000000000000000e+01 -1.063597388565540314e-02
2.850000000000000000e+01 -3.841618075966835022e-02
2.900000000000000000e+01 -4.551679641008377075e-02
2.950000000000000000e+01 -2.984918840229511261e-02
3.000000000000000000e+01 -1.118403673171997070e-02
3.050000000000000000e+01 4.603669513016939163e-04
3.100000000000000000e+01 7.052873261272907257e-03
3.150000000000000000e+01 1.139744929969310760e-02
3.200000000000000000e+01 1.611319929361343384e-02
3.250000000000000000e+01 2.215380221605300903e-02
3.300000000000000000e+01 2.494074031710624695e-02
3.350000000000000000e+01 2.163677476346492767e-02
3.400000000000000000e+01 1.545457355678081512e-02
3.450000000000000000e+01 9.011938236653804779e-03
3.500000000000000000e+01 2.389101777225732803e-03
3.550000000000000000e+01 -6.251310929656028748e-03
3.600000000000000000e+01 -1.817258074879646301e-02
3.650000000000000000e+01 -2.690548449754714966e-02
3.700000000000000000e+01 -2.303072251379489899e-02
3.750000000000000000e+01 -8.628195151686668396e-03
3.800000000000000000e+01 6.259309593588113785e-03
3.850000000000000000e+01 1.435317657887935638e-02
3.900000000000000000e+01 1.326564699411392212e-02
3.950000000000000000e+01 7.219553925096988678e-03
4.000000000000000000e+01 2.613747259601950645e-03
4.050000000000000000e+01 8.577338303439319134e-04
4.100000000000000000e+01 -2.013166900724172592e-03
4.150000000000000000e+01 -1.233816146850585938e-02
4.200000000000000000e+01 -2.957744523882865906e-02
4.250000000000000000e+01 -3.970395773649215698e-02
4.300000000000000000e+01 -3.278385847806930542e-02
4.350000000000000000e+01 -1.755736395716667175e-02
4.400000000000000000e+01 -4.698559176176786423e-03
4.450000000000000000e+01 7.259660400450229645e-03
4.500000000000000000e+01 2.385301142930984497e-02
4.550000000000000000e+01 3.949461504817008972e-02
4.600000000000000000e+01 3.971564769744873047e-02
4.650000000000000000e+01 2.446106635034084320e-02
4.700000000000000000e+01 9.025668725371360779e-03
4.750000000000000000e+01 8.267408702522516251e-04
4.800000000000000000e+01 -4.462016746401786804e-03
4.850000000000000000e+01 -1.065257471054792404e-02
4.900000000000000000e+01 -1.569431833922863007e-02
4.950000000000000000e+01 -1.609412580728530884e-02
5.000000000000000000e+01 -9.534206241369247437e-03
5.050000000000000000e+01 4.751733504235744476e-03
5.100000000000000000e+01 1.874944195151329041e-02
5.150000000000000000e+01 2.055458724498748779e-02
5.200000000000000000e+01 1.203034073114395142e-02
5.250000000000000000e+01 4.105377011001110077e-03
5.300000000000000000e+01 8.373719174414873123e-04
5.350000000000000000e+01 1.029742998071014881e-04
5.400000000000000000e+01 7.646158337593078613e-06
5.450000000000000000e+01 3.445893526077270508e-07
5.500000000000000000e+01 1.862645149230957031e-08
5.550000000000000000e+01 1.396983861923217773e-08
5.600000000000000000e+01 1.280568540096282959e-08
5.650000000000000000e+01 2.037268131971359253e-09
5.700000000000000000e+01 1.018634065985679626e-09
5.750000000000000000e+01 3.143213689327239990e-08
5.800000000000000000e+01 3.492459654808044434e-09
5.850000000000000000e+01 1.688022166490554810e-08
5.900000000000000000e+01 -1.076841726899147034e-08
5.950000000000000000e+01 -1.193257048726081848e-08
6.000000000000000000e+01 -1.338776201009750366e-08
6.050000000000000000e+01 4.074536263942718506e-09
6.100000000000000000e+01 4.074536263942718506e-09
6.150000000000000000e+01 6.984919309616088867e-09
6.200000000000000000e+01 -3.317836672067642212e-08
6.250000000000000000e+01 -2.939486876130104065e-08
6.300000000000000000e+01 -2.910383045673370361e-09
6.350000000000000000e+01 5.820766091346740723e-09
6.400000000000000000e+01 1.164153218269348145e-09
6.450000000000000000e+01 0.000000000000000000e+00
