-5.000000000000000000e+00 -1.746229827404022217e-08
-4.500000000000000000e+00 8.149072527885437012e-09
-4.000000000000000000e+00 2.619344741106033325e-08
-3.500000000000000000e+00 1.676380634307861328e-06
-3.000000000000000000e+00 4.334375262260437012e-05
-2.500000000000000000e+00 6.779888644814491272e-04
-2.000000000000000000e+00 6.433091126382350922e-03
-1.500000000000000000e+00 3.701914101839065552e-02
-1.000000000000000000e+00 1.291238665580749512e-01
-5.000000000000000000e-01 2.726245224475860596e-01
0.000000000000000000e+00 3.470182418823242188e-01
5.000000000000000000e-01 2.631112933158874512e-01
1.000000000000000000e+00 1.144997775554656982e-01
1.500000000000000000e+00 2.620455995202064514e-02
2.000000000000000000e+00 1.071854680776596069e-02
2.500000000000000000e+00 3.898684307932853699e-02
3.000000000000000000e+00 9.304247796535491943e-02
3.500000000000000000e+00 1.313197612762451172e-01
4.000000000000000000e+00 1.123152673244476318e-01
4.500000000000000000e+00 5.922797694802284241e-02
5.000000000000000000e+00 1.999508216977119446e-02
5.500000000000000000e+00 4.819235764443874359e-03
6.000000000000000000e+00 1.576495124027132988e-03
6.500000000000000000e+00 1.738427556119859219e-03
7.000000000000000000e+00 1.401947811245918274e-03
7.500000000000000000e+00 -1.128154341131448746e-03
8.000000000000000000e+00 -3.538535907864570618e-03
8.500000000000000000e+00 -2.177046611905097961e-03
9.000000000000000000e+00 -2.508386096451431513e-04
9.500000000000000000e+00 -7.767572067677974701e-03
1.000000000000000000e+01 -2.466174028813838959e-02
1.050000000000000000e+01 -3.062555938959121704e-02
1.100000000000000000e+01 -1.060223672538995743e-02
1.150000000000000000e+01 2.281477861106395721e-02
1.200000000000000000e+01 4.583149403333663940e-02
1.250000000000000000e+01 4.526874423027038574e-02
1.300000000000000000e+01 2.736113034188747406e-02
1.350000000000000000e+01 6.945108994841575623e-03
1.400000000000000000e+01 -1.617140881717205048e-02
1.450000000000000000e+01 -5.216050148010253906e-02
1.500000000000000000e+01 -8.672758936882019043e-02
1.550000000000000000e+01 -8.488231897354125977e-02
1.600000000000000000e+01 -4.487793520092964172e-02
1.650000000000000000e+01 -1.854577800258994102e-03
1.700000000000000000e+01 1.870496198534965515e-02
1.750000000000000000e+01 1.584606245160102844e-02
1.800000000000000000e+01 1.781512983143329620e-03
1.850000000000000000e+01 -1.402189116925001144e-02
1.900000000000000000e+01 -2.864333242177963257e-02
1.950000000000000000e+01 -3.559952229261398315e-02
2.000000000000000000e+01 -3.051268868148326874e-02
2.050000000000000000e+01 -1.982003077864646912e-02
2.100000000000000000e+01 -9.353366680443286896e-03
2.150000000000000000e+01 3.504839842207729816e-04
2.200000000000000000e+01 7.891840301454067230e-03
2.250000000000000000e+01 1.001909375190734863e-02
2.300000000000000000e+01 3.708553267642855644e-03
2.350000000000000000e+01 -9.550718590617179871e-03
2.400000000000000000e+01 -2.087376080453395844e-02
2.450000000000000000e+01 -2.164489775896072388e-02
2.500000000000000000e+01 -1.400821097195148468e-02
2.550000000000000000e+01 -5.699235014617443085e-03
2.600000000000000000e+01 5.438130028778687119e-05
2.650000000000000000e+01 3.429237985983490944e-03
2.700000000000000000e+01 4.474136512726545334e-03
2.750000000000000000e+01 4.489985294640064240e-03
2.800000000000000000e+01 6.622955203056335449e-03
2.850000000000000000e+01 1.149028073996305466e-02
2.900000000000000000e+01 1.408536080271005630e-02
2.950000000000000000e+01 9.063380770385265350e-03
3.000000000000000000e+01 -2.423624508082866669e-03
3.050000000000000000e+01 -1.442692428827285767e-02
3.100000000000000000e+01 -2.092950232326984406e-02
3.150000000000000000e+01 -1.999166794121265411e-02
3.200000000000000000e+01 -1.546677015721797943e-02
3.250000000000000000e+01 -1.088889501988887787e-02
3.300000000000000000e+01 -6.108004599809646606e-03
3.350000000000000000e+01 -1.574881491251289845e-03
3.400000000000000000e+01 -2.433619811199605465e-04
3.450000000000000000e+01 -4.582386929541826248e-03
3.500000000000000000e+01 -1.062376238405704498e-02
3.550000000000000000e+01 -1.060461066663265228e-02
3.600000000000000000e+01 -4.130913410335779190e-03
3.650000000000000000e+01 3.012872766703367233e-03
3.700000000000000000e+01 6.248943507671356201e-03
3.750000000000000000e+01 3.609959967434406281e-03
3.800000000000000000e+01 -2.714020898565649986e-03
3.850000000000000000e+01 -6.975800730288028717e-03
3.900000000000000000e+01 -5.448297597467899323e-03
3.950000000000000000e+01 4.932753508910536766e-04
4.000000000000000000e+01 7.078282069414854050e-03
4.050000000000000000e+01 9.690832346677780151e-03
4.100000000000000000e+01 4.225409589707851410e-03
4.150000000000000000e+01 -7.804108317941427231e-03
4.200000000000000000e+01 -1.720374636352062225e-02
4.250000000000000000e+01 -1.589659415185451508e-02
4.300000000000000000e+01 -7.691495120525360107e-03
4.350000000000000000e+01 -1.440785708837211132e-03
4.400000000000000000e+01 1.162119908258318901e-03
4.450000000000000000e+01 3.691241145133972168e-03
4.500000000000000000e+01 8.738645352423191071e-03
4.550000000000000000e+01 1.609462499618530273e-02
4.600000000000000000e+01 2.209680527448654175e-02
4.650000000000000000e+01 2.192765101790428162e-02
4.700000000000000000e+01 1.750977151095867157e-02
4.750000000000000000e+01 1.597121730446815491e-02
4.800000000000000000e+01 1.836209371685981750e-02
4.850000000000000000e+01 2.050451934337615967e-02
4.900000000000000000e+01 2.284601144492626190e-02
4.950000000000000000e+01 2.916288562119007111e-02
5.000000000000000000e+01 3.297179937362670898e-02
5.050000000000000000e+01 2.185551449656486511e-02
5.100000000000000000e+01 1.150518655776977539e-03
5.150000000000000000e+01 -1.037882640957832336e-02
5.200000000000000000e+01 -8.464604616165161133e-03
5.250000000000000000e+01 -3.260457888245582581e-03
5.300000000000000000e+01 -7.042073411867022514e-04
5.350000000000000000e+01 -8.925679139792919159e-05
5.400000000000000000e+01 -6.773043423891067505e-06
5.450000000000000000e+01 -2.980232238769531250e-07
5.500000000000000000e+01 2.328306436538696289e-08
5.550000000000000000e+01 2.793967723846435547e-08
5.600000000000000000e+01 5.820766091346740723e-09
5.650000000000000000e+01 -1.193257048726081848e-08
5.700000000000000000e+01 -7.712515071034431458e-09
5.750000000000000000e+01 -2.910383045673370361e-10
5.800000000000000000e+01 -2.124579623341560364e-08
5.850000000000000000e+01 -3.037257556570693851e-08
5.900000000000000000e+01 -1.804437488317489624e-08
5.950000000000000000e+01 -5.529727786779403687e-09
6.000000000000000000e+01 1.557054929435253143e-08
6.050000000000000000e+01 2.517481334507465363e-08
6.100000000000000000e+01 1.688022166490554810e-08
6.150000000000000000e+01 6.984919309616088867e-09
6.200000000000000000e+01 -1.164153218269348145e-08
6.250000000000000000e+01 4.074536263942718506e-09
6.300000000000000000e+01 -4.656612873077392578e-09
6.350000000000000000e+01 -1.629814505577087402e-08
6.400000000000000000e+01 -1.746229827404022217e-08
6.450000000000000000e+01 -1.105945557355880737e-08
