-5.000000000000000000e+00 -1.455191522836685181e-08
-4.500000000000000000e+00 -4.656612873077392578e-09
-4.000000000000000000e+00 2.357410266995429993e-08
-3.500000000000000000e+00 1.880689524114131927e-06
-3.000000000000000000e+00 4.786474164575338364e-05
-2.500000000000000000e+00 7.485225796699523926e-04
-2.000000000000000000e+00 7.101390045136213303e-03
-1.500000000000000000e+00 4.086357355117797852e-02
-1.000000000000000000e+00 1.425934284925460815e-01
-5.000000000000000000e-01 3.015700578689575195e-01
0.000000000000000000e+00 3.856166601181030273e-01
5.000000000000000000e-01 2.949834465980529785e-01
1.000000000000000000e+00 1.285021007061004639e-01
1.500000000000000000e+00 2.460713498294353485e-02
2.000000000000000000e+00 4.429586231708526611e-03
2.500000000000000000e+00 3.636298701167106628e-02
3.000000000000000000e+00 9.373933076858520508e-02
3.500000000000000000e+00 1.323120594024658203e-01
4.000000000000000000e+00 1.126119941473007202e-01
4.500000000000000000e+00 5.705127492547035217e-02
5.000000000000000000e+00 1.463661156594753265e-02
5.500000000000000000e+00 2.497795794624835253e-04
6.000000000000000000e+00 4.527468234300613403e-03
6.500000000000000000e+00 1.661170087754726410e-02
7.000000000000000000e+00 2.323243394494056702e-02
7.500000000000000000e+00 1.217882521450519562e-02
8.000000000000000000e+00 -1.054243929684162140e-02
8.500000000000000000e+00 -2.342708036303520203e-02
9.000000000000000000e+00 -1.841470785439014435e-02
9.500000000000000000e+00 -7.418849505484104156e-03
1.000000000000000000e+01 1.111637800931930542e-03
1.050000000000000000e+01 1.139806117862462997e-02
1.100000000000000000e+01 2.769209817051887512e-02
1.150000000000000000e+01 4.163093864917755127e-02
1.200000000000000000e+01 4.025846719741821289e-02
1.250000000000000000e+01 2.632860839366912842e-02
1.300000000000000000e+01 1.288332790136337280e-02
1.350000000000000000e+01 3.233353840187191963e-03
1.400000000000000000e+01 -1.090053003281354904e-02
1.450000000000000000e+01 -3.968673199415206909e-02
1.500000000000000000e+01 -7.480679452419281006e-02
1.550000000000000000e+01 -8.115811645984649658e-02
1.600000000000000000e+01 -4.204741865396499634e-02
1.650000000000000000e+01 9.228651411831378937e-03
1.700000000000000000e+01 3.258042410016059875e-02
1.750000000000000000e+01 2.329558134078979492e-02
1.800000000000000000e+01 -2.273592544952407479e-04
1.850000000000000000e+01 -2.419587038457393646e-02
1.900000000000000000e+01 -3.854173794388771057e-02
1.950000000000000000e+01 -3.410153836011886597e-02
2.000000000000000000e+01 -1.646905392408370972e-02
2.050000000000000000e+01 -3.364049189258366823e-04
2.100000000000000000e+01 7.686381228268146515e-03
2.150000000000000000e+01 9.836643002927303314e-03
2.200000000000000000e+01 1.101242378354072571e-02
2.250000000000000000e+01 1.252572052180767059e-02
2.300000000000000000e+01 1.107523962855339050e-02
2.350000000000000000e+01 5.404628813266754150e-03
2.400000000000000000e+01 -2.535065636038780212e-03
2.450000000000000000e+01 -1.047592051327228546e-02
2.500000000000000000e+01 -1.434156484901905060e-02
2.550000000000000000e+01 -1.113481074571609497e-02
2.600000000000000000e+01 -3.679594025015830994e-03
2.650000000000000000e+01 4.193291999399662018e-03
2.700000000000000000e+01 1.201691292226314545e-02
2.750000000000000000e+01 2.253042161464691162e-02
2.800000000000000000e+01 4.061166197061538696e-02
2.850000000000000000e+01 5.906987935304641724e-02
2.900000000000000000e+01 5.563502758741378784e-02
2.950000000000000000e+01 2.897957153618335724e-02
3.000000000000000000e+01 4.768804181367158890e-03
3.050000000000000000e+01 -5.482535343617200851e-03
3.100000000000000000e+01 -1.081936992704868317e-02
3.150000000000000000e+01 -1.575054600834846497e-02
3.200000000000000000e+01 -1.559030171483755112e-02
3.250000000000000000e+01 -9.652492590248584747e-03
3.300000000000000000e+01 -3.398391185328364372e-03
3.350000000000000000e+01 1.902374788187444210e-04
3.400000000000000000e+01 1.906078075990080833e-03
3.450000000000000000e+01 3.158854087814688683e-03
3.500000000000000000e+01 6.992703303694725037e-03
3.550000000000000000e+01 1.719840988516807556e-02
3.600000000000000000e+01 2.907104417681694031e-02
3.650000000000000000e+01 2.874575927853584290e-02
3.700000000000000000e+01 1.365438103675842285e-02
3.750000000000000000e+01 -2.122941892594099045e-03
3.800000000000000000e+01 -8.532797917723655701e-03
3.850000000000000000e+01 -7.293717004358768463e-03
3.900000000000000000e+01 -3.787413705140352249e-03
3.950000000000000000e+01 -1.308908453211188316e-03
4.000000000000000000e+01 -4.379001329652965069e-04
4.050000000000000000e+01 -9.063849574886262417e-04
4.100000000000000000e+01 -3.118902677670121193e-03
4.150000000000000000e+01 -7.178318686783313751e-03
4.200000000000000000e+01 -1.088060345500707626e-02
4.250000000000000000e+01 -1.113471388816833496e-02
4.300000000000000000e+01 -7.795511744916439056e-03
4.350000000000000000e+01 -3.700540866702795029e-03
4.400000000000000000e+01 -1.060374779626727104e-03
4.450000000000000000e+01 5.250847316347062588e-04
4.500000000000000000e+01 3.054303117096424103e-03
4.550000000000000000e+01 7.557674311101436615e-03
4.600000000000000000e+01 1.129662524908781052e-02
4.650000000000000000e+01 1.038430072367191315e-02
4.700000000000000000e+01 6.457031704485416412e-03
4.750000000000000000e+01 5.044732242822647095e-03
4.800000000000000000e+01 8.159056305885314941e-03
4.850000000000000000e+01 1.177410408854484558e-02
4.900000000000000000e+01 1.118638925254344940e-02
4.950000000000000000e+01 8.662547916173934937e-03
5.000000000000000000e+01 9.622611105442047119e-03
5.050000000000000000e+01 1.275058835744857788e-02
5.100000000000000000e+01 1.213055104017257690e-02
5.150000000000000000e+01 7.235500961542129517e-03
5.200000000000000000e+01 2.656783908605575562e-03
5.250000000000000000e+01 5.995808169245719910e-04
5.300000000000000000e+01 8.316768798977136612e-05
5.350000000000000000e+01 7.090857252478599548e-06
5.400000000000000000e+01 3.678724169731140137e-07
5.450000000000000000e+01 2.793967723846435547e-08
5.500000000000000000e+01 4.190951585769653320e-08
5.550000000000000000e+01 3.725290298461914062e-08
5.600000000000000000e+01 -8.149072527885437012e-09
5.650000000000000000e+01 -1.949956640601158142e-08
5.700000000000000000e+01 -8.294591680169105530e-09
5.750000000000000000e+01 8.149072527885437012e-09
5.800000000000000000e+01 -4.307366907596588135e-08
5.850000000000000000e+01 -3.085006028413772583e-08
5.900000000000000000e+01 -2.764863893389701843e-08
5.950000000000000000e+01 -1.396983861923217773e-08
6.000000000000000000e+01 -9.313225746154785156e-09
6.050000000000000000e+01 2.328306436538696289e-08
6.100000000000000000e+01 1.804437488317489624e-08
6.150000000000000000e+01 5.529727786779403687e-09
6.200000000000000000e+01 -1.513399183750152588e-08
6.250000000000000000e+01 2.328306436538696289e-09
6.300000000000000000e+01 -9.313225746154785156e-09
6.350000000000000000e+01 -3.492459654808044434e-09
6.400000000000000000e+01 -2.561137080192565918e-08
6.450000000000000000e+01 -4.074536263942718506e-09
