-5.000000000000000000e+00 8.731149137020111084e-08
-4.500000000000000000e+00 -3.376044332981109619e-08
-4.000000000000000000e+00 5.122274160385131836e-08
-3.500000000000000000e+00 -3.492459654808044434e-08
-3.000000000000000000e+00 -9.436917025595903397e-08
-2.500000000000000000e+00 7.683411240577697754e-08
-2.000000000000000000e+00 6.170012056827545166e-08
-1.500000000000000000e+00 6.993650458753108978e-07
-1.000000000000000000e+00 1.684312010183930397e-03
-5.000000000000000000e-01 1.829713284969329834e-01
0.000000000000000000e+00 8.770963549613952637e-01
5.000000000000000000e-01 1.837114393711090088e-01
1.000000000000000000e+00 -1.115076243877410889e-01
1.500000000000000000e+00 -5.226202681660652161e-02
2.000000000000000000e+00 9.785586595535278320e-02
2.500000000000000000e+00 9.339468181133270264e-02
3.000000000000000000e+00 -3.069111891090869904e-02
3.500000000000000000e+00 2.605681419372558594e-01
4.000000000000000000e+00 1.719877421855926514e-01
4.500000000000000000e+00 -3.346967697143554688e-02
5.000000000000000000e+00 -7.326957583427429199e-02
5.500000000000000000e+00 -1.265122322365641594e-03
6.000000000000000000e+00 8.439467847347259521e-02
6.500000000000000000e+00 8.440859615802764893e-02
7.000000000000000000e+00 2.821937203407287598e-03
7.500000000000000000e+00 -2.670020237565040588e-02
8.000000000000000000e+00 -4.358526319265365601e-02
8.500000000000000000e+00 -1.677174121141433716e-02
9.000000000000000000e+00 -3.441061079502105713e-02
9.500000000000000000e+00 5.823430418968200684e-02
1.000000000000000000e+01 1.048749089241027832e-01
1.050000000000000000e+01 -7.700207084417343140e-02
1.100000000000000000e+01 -2.043942958116531372e-01
1.150000000000000000e+01 -7.602987810969352722e-03
1.200000000000000000e+01 2.258416712284088135e-01
1.250000000000000000e+01 2.198556810617446899e-01
1.300000000000000000e+01 -1.455589383840560913e-02
1.350000000000000000e+01 -1.256078034639358521e-01
1.400000000000000000e+01 -3.113468736410140991e-02
1.450000000000000000e+01 5.093666911125183105e-02
1.500000000000000000e+01 -9.209468960762023926e-03
1.550000000000000000e+01 -1.721855252981185913e-01
1.600000000000000000e+01 -8.385960012674331665e-02
1.650000000000000000e+01 -2.095587551593780518e-03
1.700000000000000000e+01 -7.541386876255273819e-03
1.750000000000000000e+01 -4.094026610255241394e-02
1.800000000000000000e+01 1.608585193753242493e-02
1.850000000000000000e+01 3.853154927492141724e-02
1.900000000000000000e+01 2.483195159584283829e-03
1.950000000000000000e+01 -4.311728291213512421e-03
2.000000000000000000e+01 -3.352808207273483276e-02
2.050000000000000000e+01 -4.593092948198318481e-02
2.100000000000000000e+01 -2.494053915143013000e-03
2.150000000000000000e+01 4.856938868761062622e-02
2.200000000000000000e+01 2.602616325020790100e-02
2.250000000000000000e+01 6.143925711512565613e-04
2.300000000000000000e+01 6.680086953565478325e-04
2.350000000000000000e+01 8.129872381687164307e-03
2.400000000000000000e+01 4.969811998307704926e-03
2.450000000000000000e+01 1.418420951813459396e-02
2.500000000000000000e+01 1.314464211463928223e-02
2.550000000000000000e+01 -2.843648195266723633e-02
2.600000000000000000e+01 -4.168592393398284912e-02
2.650000000000000000e+01 1.796099357306957245e-02
2.700000000000000000e+01 4.341689497232437134e-02
2.750000000000000000e+01 -3.379419073462486267e-02
2.800000000000000000e+01 -8.369170129299163818e-02
2.850000000000000000e+01 -1.893087028292939067e-04
2.900000000000000000e+01 3.120511583983898163e-02
2.950000000000000000e+01 -1.110271643847227097e-02
3.000000000000000000e+01 -7.351544499397277832e-02
3.050000000000000000e+01 -1.736585050821304321e-02
3.100000000000000000e+01 1.373394392430782318e-02
3.150000000000000000e+01 4.471126571297645569e-02
3.200000000000000000e+01 1.408732309937477112e-02
3.250000000000000000e+01 -1.956813037395477295e-03
3.300000000000000000e+01 -2.161300554871559143e-02
3.350000000000000000e+01 -7.272253278642892838e-03
3.400000000000000000e+01 2.425643615424633026e-02
3.450000000000000000e+01 6.788334250450134277e-02
3.500000000000000000e+01 1.362833660095930099e-02
3.550000000000000000e+01 -4.968242719769477844e-02
3.600000000000000000e+01 -5.227150395512580872e-02
3.650000000000000000e+01 1.836650446057319641e-02
3.700000000000000000e+01 2.790538780391216278e-02
3.750000000000000000e+01 1.983568305149674416e-03
3.800000000000000000e+01 3.994890023022890091e-03
3.850000000000000000e+01 9.981749579310417175e-03
3.900000000000000000e+01 -5.187285132706165314e-03
3.950000000000000000e+01 -8.646257221698760986e-03
4.000000000000000000e+01 -3.807761822827160358e-04
4.050000000000000000e+01 5.889801308512687683e-03
4.100000000000000000e+01 7.686894852668046951e-03
4.150000000000000000e+01 -6.520467251539230347e-02
4.200000000000000000e+01 -5.896822363138198853e-02
4.250000000000000000e+01 -2.134225564077496529e-03
4.300000000000000000e+01 7.067753467708826065e-03
4.350000000000000000e+01 9.666087105870246887e-03
4.400000000000000000e+01 5.146361072547733784e-04
4.450000000000000000e+01 -4.024210385978221893e-03
4.500000000000000000e+01 -1.858582533895969391e-02
4.550000000000000000e+01 -1.756747998297214508e-02
4.600000000000000000e+01 3.819434205070137978e-03
4.650000000000000000e+01 3.372890874743461609e-02
4.700000000000000000e+01 2.705932362005114555e-03
4.750000000000000000e+01 -4.904989153146743774e-02
4.800000000000000000e+01 -1.517282053828239441e-02
4.850000000000000000e+01 1.886507123708724976e-02
4.900000000000000000e+01 4.437942057847976685e-02
4.950000000000000000e+01 2.312129363417625427e-03
5.000000000000000000e+01 -2.813289314508438110e-02
5.050000000000000000e+01 -1.507008634507656097e-02
5.100000000000000000e+01 -3.544241189956665039e-04
5.150000000000000000e+01 -2.421438694000244141e-07
5.200000000000000000e+01 4.656612873077392578e-09
5.250000000000000000e+01 -3.259629011154174805e-08
5.300000000000000000e+01 1.396983861923217773e-08
5.350000000000000000e+01 -1.396983861923217773e-08
5.400000000000000000e+01 -4.132743924856185913e-08
5.450000000000000000e+01 -1.071020960807800293e-07
5.500000000000000000e+01 6.519258022308349609e-08
5.550000000000000000e+01 1.129228621721267700e-07
5.600000000000000000e+01 1.862645149230957031e-08
5.650000000000000000e+01 -8.847564458847045898e-08
5.700000000000000000e+01 -9.196810424327850342e-08
5.750000000000000000e+01 1.396983861923217773e-07
5.800000000000000000e+01 1.105945557355880737e-08
5.850000000000000000e+01 -6.868503987789154053e-08
5.900000000000000000e+01 -4.423782229423522949e-08
5.950000000000000000e+01 -2.968590706586837769e-08
6.000000000000000000e+01 4.889443516731262207e-08
6.050000000000000000e+01 1.862645149230957031e-08
6.100000000000000000e+01 -1.396983861923217773e-08
6.150000000000000000e+01 -1.920852810144424438e-08
6.200000000000000000e+01 9.313225746154785156e-09
6.250000000000000000e+01 -4.656612873077392578e-09
6.300000000000000000e+01 -7.450580596923828125e-08
6.350000000000000000e+01 0.000000000000000000e+00
6.400000000000000000e+01 6.984919309616088867e-09
6.450000000000000000e+01 -1.117587089538574219e-07
