-5.000000000000000000e+00 5.937181413173675537e-08
-4.500000000000000000e+00 -3.939021553378552198e-08
-4.000000000000000000e+00 2.784872776828706264e-08
-3.500000000000000000e+00 -3.929017111659049988e-08
-3.000000000000000000e+00 4.656612873077392578e-09
-2.500000000000000000e+00 6.286427378654479980e-08
-2.000000000000000000e+00 -6.111804395914077759e-09
-1.500000000000000000e+00 5.017500370740890503e-07
-1.000000000000000000e+00 1.336066634394228458e-03
-5.000000000000000000e-01 1.450921744108200073e-01
0.000000000000000000e+00 6.953257322311401367e-01
5.000000000000000000e-01 1.879237294197082520e-01
1.000000000000000000e+00 7.028946280479431152e-02
1.500000000000000000e+00 2.124450169503688812e-02
2.000000000000000000e+00 -1.911540888249874115e-02
2.500000000000000000e+00 -5.442644469439983368e-03
3.000000000000000000e+00 6.889134645462036133e-02
3.500000000000000000e+00 1.521877646446228027e-01
4.000000000000000000e+00 5.469786003232002258e-02
4.500000000000000000e+00 6.378299556672573090e-03
5.000000000000000000e+00 3.003895282745361328e-02
5.500000000000000000e+00 2.890553325414657593e-02
6.000000000000000000e+00 7.138423621654510498e-02
6.500000000000000000e+00 -3.056574240326881409e-02
7.000000000000000000e+00 -1.360529810190200806e-01
7.500000000000000000e+00 -4.370848648250102997e-03
8.000000000000000000e+00 -1.155452057719230652e-02
8.500000000000000000e+00 -7.091593742370605469e-02
9.000000000000000000e+00 -1.296807825565338135e-02
9.500000000000000000e+00 2.976581640541553497e-02
1.000000000000000000e+01 1.278018206357955933e-02
1.050000000000000000e+01 -1.872877962887287140e-02
1.100000000000000000e+01 -2.723838947713375092e-02
1.150000000000000000e+01 1.195357617689296603e-04
1.200000000000000000e+01 1.113203912973403931e-01
1.250000000000000000e+01 1.330201476812362671e-01
1.300000000000000000e+01 -2.279048413038253784e-02
1.350000000000000000e+01 -4.184287041425704956e-03
1.400000000000000000e+01 -7.388342055492103100e-04
1.450000000000000000e+01 -1.711012423038482666e-02
1.500000000000000000e+01 -9.145078063011169434e-02
1.550000000000000000e+01 -8.271601051092147827e-02
1.600000000000000000e+01 -1.015380863100290298e-02
1.650000000000000000e+01 -1.280319120269268751e-04
1.700000000000000000e+01 -8.977642573881894350e-05
1.750000000000000000e+01 -7.829710841178894043e-03
1.800000000000000000e+01 -3.069536387920379639e-02
1.850000000000000000e+01 -2.114235889166593552e-03
1.900000000000000000e+01 4.019694402813911438e-02
1.950000000000000000e+01 2.153896540403366089e-02
2.000000000000000000e+01 6.297555519267916679e-04
2.050000000000000000e+01 7.164537906646728516e-03
2.100000000000000000e+01 1.829407736659049988e-02
2.150000000000000000e+01 2.052682451903820038e-03
2.200000000000000000e+01 2.549567579990252852e-05
2.250000000000000000e+01 2.751087769865989685e-03
2.300000000000000000e+01 2.208942547440528870e-02
2.350000000000000000e+01 7.953658699989318848e-03
2.400000000000000000e+01 1.282006414839997888e-04
2.450000000000000000e+01 8.101061393972486258e-05
2.500000000000000000e+01 4.702738951891660690e-03
2.550000000000000000e+01 1.205391716212034225e-02
2.600000000000000000e+01 3.641648218035697937e-03
2.650000000000000000e+01 -1.345148123800754547e-02
2.700000000000000000e+01 -5.711114034056663513e-02
2.750000000000000000e+01 -3.386531770229339600e-02
2.800000000000000000e+01 -3.319221781566739082e-03
2.850000000000000000e+01 6.809205561876296997e-02
2.900000000000000000e+01 9.222916513681411743e-02
2.950000000000000000e+01 -5.515490192919969559e-03
3.000000000000000000e+01 -7.099810987710952759e-03
3.050000000000000000e+01 -2.745311707258224487e-02
3.100000000000000000e+01 -4.036084562540054321e-02
3.150000000000000000e+01 -1.278277020901441574e-02
3.200000000000000000e+01 2.310846187174320221e-02
3.250000000000000000e+01 4.863875359296798706e-02
3.300000000000000000e+01 6.007988937199115753e-03
3.350000000000000000e+01 4.307089693611487746e-05
3.400000000000000000e+01 2.501101050711440621e-07
3.450000000000000000e+01 2.829455188475549221e-04
3.500000000000000000e+01 1.236568205058574677e-02
3.550000000000000000e+01 3.067858703434467316e-02
3.600000000000000000e+01 1.009026728570461273e-02
3.650000000000000000e+01 -7.105771219357848167e-04
3.700000000000000000e+01 -1.584801636636257172e-02
3.750000000000000000e+01 -2.279658615589141846e-02
3.800000000000000000e+01 -6.016247719526290894e-02
3.850000000000000000e+01 -1.811167411506175995e-02
3.900000000000000000e+01 -4.575295373797416687e-03
3.950000000000000000e+01 -5.815783515572547913e-03
4.000000000000000000e+01 6.282761693000793457e-03
4.050000000000000000e+01 2.072417177259922028e-02
4.100000000000000000e+01 2.785748802125453949e-02
4.150000000000000000e+01 1.357276178896427155e-02
4.200000000000000000e+01 4.896706901490688324e-03
4.250000000000000000e+01 1.731272786855697632e-02
4.300000000000000000e+01 -1.913882978260517120e-02
4.350000000000000000e+01 -1.019027978181838989e-01
4.400000000000000000e+01 -1.318905502557754517e-02
4.450000000000000000e+01 3.884325269609689713e-03
4.500000000000000000e+01 7.303989492356777191e-03
4.550000000000000000e+01 1.937947794795036316e-02
4.600000000000000000e+01 1.086115278303623199e-02
4.650000000000000000e+01 3.465597401373088360e-04
4.700000000000000000e+01 9.522965228825341910e-06
4.750000000000000000e+01 2.059329999610781670e-03
4.800000000000000000e+01 3.588872402906417847e-02
4.850000000000000000e+01 4.096399992704391479e-02
4.900000000000000000e+01 1.493157615186646581e-04
4.950000000000000000e+01 -1.364080421626567841e-02
5.000000000000000000e+01 -2.516105538234114647e-03
5.050000000000000000e+01 1.354279555380344391e-02
5.100000000000000000e+01 -1.153295859694480896e-02
5.150000000000000000e+01 -8.775908499956130981e-03
5.200000000000000000e+01 -2.080947160720825195e-04
5.250000000000000000e+01 -2.654269337654113770e-07
5.300000000000000000e+01 -2.677552402019500732e-08
5.350000000000000000e+01 6.170012056827545166e-08
5.400000000000000000e+01 -1.164153218269348145e-09
5.450000000000000000e+01 -7.450580596923828125e-08
5.500000000000000000e+01 4.656612873077392578e-08
5.550000000000000000e+01 8.381903171539306641e-08
5.600000000000000000e+01 -2.211891114711761475e-08
5.650000000000000000e+01 -6.519258022308349609e-08
5.700000000000000000e+01 -2.328306436538696289e-08
5.750000000000000000e+01 1.164153218269348145e-07
5.800000000000000000e+01 -5.587935447692871094e-08
5.850000000000000000e+01 -1.629814505577087402e-08
5.900000000000000000e+01 -2.910383045673370361e-10
5.950000000000000000e+01 -8.614733815193176270e-08
6.000000000000000000e+01 5.122274160385131836e-08
6.050000000000000000e+01 6.577465683221817017e-08
6.100000000000000000e+01 3.608874976634979248e-08
6.150000000000000000e+01 4.656612873077392578e-09
6.200000000000000000e+01 -1.513399183750152588e-08
6.250000000000000000e+01 -5.587935447692871094e-08
6.300000000000000000e+01 -3.259629011154174805e-08
6.350000000000000000e+01 5.587935447692871094e-08
6.400000000000000000e+01 -5.122274160385131836e-08
6.450000000000000000e+01 -9.080395102500915527e-08
