-5.000000000000000000e+00 9.313225746154785156e-09
-4.500000000000000000e+00 -1.033185981214046478e-07
-4.000000000000000000e+00 5.587935447692871094e-08
-3.500000000000000000e+00 5.762558430433273315e-08
-3.000000000000000000e+00 4.344087756180670112e-08
-2.500000000000000000e+00 -8.467873513495760562e-09
-2.000000000000000000e+00 -5.820311343995854259e-08
-1.500000000000000000e+00 5.960464477539062500e-07
-1.000000000000000000e+00 1.757354475557804108e-03
-5.000000000000000000e-01 1.938920468091964722e-01
0.000000000000000000e+00 9.523472189903259277e-01
5.000000000000000000e-01 2.058457434177398682e-01
1.000000000000000000e+00 -6.330831348896026611e-02
1.500000000000000000e+00 -7.685165107250213623e-02
2.000000000000000000e+00 1.979060098528862000e-02
2.500000000000000000e+00 3.126920759677886963e-02
3.000000000000000000e+00 9.121553599834442139e-02
3.500000000000000000e+00 1.257126182317733765e-01
4.000000000000000000e+00 2.047327458858489990e-01
4.500000000000000000e+00 1.859148778021335602e-02
5.000000000000000000e+00 -4.233562946319580078e-02
5.500000000000000000e+00 -5.531825125217437744e-02
6.000000000000000000e+00 2.754976972937583923e-03
6.500000000000000000e+00 9.014152735471725464e-02
7.000000000000000000e+00 8.298368752002716064e-02
7.500000000000000000e+00 -3.713294863700866699e-03
8.000000000000000000e+00 -8.304291218519210815e-02
8.500000000000000000e+00 -3.204508870840072632e-02
9.000000000000000000e+00 1.953521370887756348e-02
9.500000000000000000e+00 -1.839953241869807243e-03
1.000000000000000000e+01 -5.131028592586517334e-02
1.050000000000000000e+01 -2.399240434169769287e-02
1.100000000000000000e+01 1.762284897267818451e-02
1.150000000000000000e+01 1.942789852619171143e-01
1.200000000000000000e+01 7.124166190624237061e-02
1.250000000000000000e+01 -1.326202764175832272e-04
1.300000000000000000e+01 -4.429445198184112087e-06
1.350000000000000000e+01 -6.948093300707114395e-07
1.400000000000000000e+01 -5.037772352807223797e-04
1.450000000000000000e+01 -2.291258797049522400e-02
1.500000000000000000e+01 -8.668150007724761963e-02
1.550000000000000000e+01 -8.738215267658233643e-02
1.600000000000000000e+01 -4.769379273056983948e-02
1.650000000000000000e+01 -1.319874776527285576e-03
1.700000000000000000e+01 2.579760178923606873e-02
1.750000000000000000e+01 6.588491797447204590e-02
1.800000000000000000e+01 7.392205763608217239e-03
1.850000000000000000e+01 5.155784492671955377e-06
1.900000000000000000e+01 -3.410151461139321327e-03
1.950000000000000000e+01 -1.702668145298957825e-02
2.000000000000000000e+01 -2.714386582374572754e-02
2.050000000000000000e+01 -3.247254341840744019e-02
2.100000000000000000e+01 -1.393112470395863056e-03
2.150000000000000000e+01 2.733376808464527130e-02
2.200000000000000000e+01 7.250259816646575928e-02
2.250000000000000000e+01 9.742327034473419189e-03
2.300000000000000000e+01 2.622784522827714682e-04
2.350000000000000000e+01 1.273507066071033478e-02
2.400000000000000000e+01 5.266023799777030945e-02
2.450000000000000000e+01 -5.249387025833129883e-02
2.500000000000000000e+01 -1.040386706590652466e-01
2.550000000000000000e+01 3.037902992218732834e-03
2.600000000000000000e+01 5.702089890837669373e-02
2.650000000000000000e+01 2.332118898630142212e-02
2.700000000000000000e+01 1.543911173939704895e-03
2.750000000000000000e+01 7.353797554969787598e-03
2.800000000000000000e+01 5.847812443971633911e-02
2.850000000000000000e+01 2.324251830577850342e-02
2.900000000000000000e+01 6.947364890947937965e-04
2.950000000000000000e+01 1.250017527490854263e-02
3.000000000000000000e+01 3.264030069112777710e-02
3.050000000000000000e+01 1.008759718388319016e-02
3.100000000000000000e+01 2.565863542258739471e-03
3.150000000000000000e+01 4.385861757327802479e-05
3.200000000000000000e+01 -3.356116806685349729e-08
3.250000000000000000e+01 -1.270276789000490680e-05
3.300000000000000000e+01 -1.892595551908016205e-03
3.350000000000000000e+01 -1.234136056154966354e-02
3.400000000000000000e+01 -3.535314463078975677e-03
3.450000000000000000e+01 4.196446097921580076e-04
3.500000000000000000e+01 2.020539902150630951e-02
3.550000000000000000e+01 6.433972716331481934e-02
3.600000000000000000e+01 1.542663387954235077e-02
3.650000000000000000e+01 3.041971847414970398e-02
3.700000000000000000e+01 1.898795133456587791e-03
3.750000000000000000e+01 1.285599358379840851e-02
3.800000000000000000e+01 5.609092116355895996e-02
3.850000000000000000e+01 1.589322648942470551e-02
3.900000000000000000e+01 -2.155685424804687500e-02
3.950000000000000000e+01 -4.128954559564590454e-02
4.000000000000000000e+01 -5.391096696257591248e-03
4.050000000000000000e+01 -3.988599928561598063e-05
4.100000000000000000e+01 -6.646644324064254761e-04
4.150000000000000000e+01 -1.123514212667942047e-02
4.200000000000000000e+01 -3.933913633227348328e-02
4.250000000000000000e+01 -1.900540292263031006e-02
4.300000000000000000e+01 -1.904629915952682495e-02
4.350000000000000000e+01 -1.355118118226528168e-02
4.400000000000000000e+01 4.498105496168136597e-03
4.450000000000000000e+01 2.297954261302947998e-02
4.500000000000000000e+01 4.253844264894723892e-03
4.550000000000000000e+01 -2.903980761766433716e-02
4.600000000000000000e+01 -1.559139322489500046e-02
4.650000000000000000e+01 1.701939851045608521e-03
4.700000000000000000e+01 2.520338632166385651e-02
4.750000000000000000e+01 1.349079422652721405e-02
4.800000000000000000e+01 3.173216828145086765e-04
4.850000000000000000e+01 3.418719245473766932e-07
4.900000000000000000e+01 6.914945060998434201e-06
4.950000000000000000e+01 1.416294253431260586e-03
5.000000000000000000e+01 1.262250542640686035e-02
5.050000000000000000e+01 4.942964296787977219e-03
5.100000000000000000e+01 8.508563041687011719e-05
5.150000000000000000e+01 2.048909664154052734e-07
5.200000000000000000e+01 5.355104804039001465e-08
5.250000000000000000e+01 -1.396983861923217773e-08
5.300000000000000000e+01 -4.773028194904327393e-08
5.350000000000000000e+01 2.095475792884826660e-08
5.400000000000000000e+01 4.423782229423522949e-08
5.450000000000000000e+01 -1.396983861923217773e-08
5.500000000000000000e+01 -2.793967723846435547e-08
5.550000000000000000e+01 9.778887033462524414e-08
5.600000000000000000e+01 2.677552402019500732e-08
5.650000000000000000e+01 -1.024454832077026367e-07
5.700000000000000000e+01 -1.396983861923217773e-08
5.750000000000000000e+01 1.164153218269348145e-07
5.800000000000000000e+01 -3.259629011154174805e-08
5.850000000000000000e+01 -5.704350769519805908e-08
5.900000000000000000e+01 -4.190951585769653320e-08
5.950000000000000000e+01 -4.190951585769653320e-08
6.000000000000000000e+01 1.280568540096282959e-08
6.050000000000000000e+01 5.151377990841865540e-08
6.100000000000000000e+01 9.196810424327850342e-08
6.150000000000000000e+01 -5.587935447692871094e-08
6.200000000000000000e+01 1.040461938828229904e-08
6.250000000000000000e+01 9.313225746154785156e-09
6.300000000000000000e+01 1.862645149230957031e-08
6.350000000000000000e+01 2.066371962428092957e-08
6.400000000000000000e+01 -6.749132808181457222e-08
6.450000000000000000e+01 -8.162935216660116566e-08
