-5.000000000000000000e+00 3.463355824351310730e-08
-4.500000000000000000e+00 -6.781192496418952942e-08
-4.000000000000000000e+00 1.834450813475996256e-08
-3.500000000000000000e+00 -6.402842700481414795e-09
-3.000000000000000000e+00 -9.313225746154785156e-09
-2.500000000000000000e+00 4.751200322061777115e-08
-2.000000000000000000e+00 -2.386514097452163696e-08
-1.500000000000000000e+00 1.071020960807800293e-07
-1.000000000000000000e+00 4.512385639827698469e-04
-5.000000000000000000e-01 8.684569597244262695e-02
0.000000000000000000e+00 7.515675425529479980e-01
5.000000000000000000e-01 2.908952236175537109e-01
1.000000000000000000e+00 3.335051983594894409e-02
1.500000000000000000e+00 2.503214776515960693e-02
2.000000000000000000e+00 6.017572013661265373e-04
2.500000000000000000e+00 4.286183975636959076e-03
3.000000000000000000e+00 5.417125672101974487e-02
3.500000000000000000e+00 2.154870033264160156e-01
4.000000000000000000e+00 1.054007112979888916e-01
4.500000000000000000e+00 -7.260358426719903946e-03
5.000000000000000000e+00 6.097964569926261902e-02
5.500000000000000000e+00 3.932298719882965088e-02
6.000000000000000000e+00 1.220443099737167358e-02
6.500000000000000000e+00 1.002623233944177628e-03
7.000000000000000000e+00 -1.741224154829978943e-02
7.500000000000000000e+00 -5.388753488659858704e-02
8.000000000000000000e+00 -1.234420761466026306e-02
8.500000000000000000e+00 -1.475761528126895428e-03
9.000000000000000000e+00 4.094742471352219582e-04
9.500000000000000000e+00 6.835446693003177643e-03
1.000000000000000000e+01 -8.557204855605959892e-04
1.050000000000000000e+01 -4.967154935002326965e-02
1.100000000000000000e+01 -1.747271418571472168e-02
1.150000000000000000e+01 4.658341035246849060e-02
1.200000000000000000e+01 2.025985717773437500e-01
1.250000000000000000e+01 4.159395024180412292e-02
1.300000000000000000e+01 -2.291230857372283936e-02
1.350000000000000000e+01 -3.519340977072715759e-02
1.400000000000000000e+01 -4.456028342247009277e-02
1.450000000000000000e+01 -1.740273647010326385e-02
1.500000000000000000e+01 -1.240849681198596954e-02
1.550000000000000000e+01 -7.801104336977005005e-02
1.600000000000000000e+01 -7.322593033313751221e-02
1.650000000000000000e+01 -6.599735934287309647e-03
1.700000000000000000e+01 -3.053488209843635559e-02
1.750000000000000000e+01 -1.667160913348197937e-02
1.800000000000000000e+01 -5.000208038836717606e-03
1.850000000000000000e+01 8.688530651852488518e-04
1.900000000000000000e+01 1.800888590514659882e-02
1.950000000000000000e+01 1.492063049226999283e-02
2.000000000000000000e+01 4.935061559081077576e-03
2.050000000000000000e+01 5.029956810176372528e-04
2.100000000000000000e+01 -7.676310488022863865e-04
2.150000000000000000e+01 -6.860984489321708679e-03
2.200000000000000000e+01 -1.547501771710813046e-03
2.250000000000000000e+01 2.093801088631153107e-02
2.300000000000000000e+01 2.296391502022743225e-02
2.350000000000000000e+01 3.953322768211364746e-03
2.400000000000000000e+01 -7.360823452472686768e-03
2.450000000000000000e+01 -1.823989301919937134e-02
2.500000000000000000e+01 -2.841391251422464848e-04
2.550000000000000000e+01 2.878887951374053955e-02
2.600000000000000000e+01 2.454350143671035767e-02
2.650000000000000000e+01 -3.758532926440238953e-03
2.700000000000000000e+01 -5.394337698817253113e-02
2.750000000000000000e+01 -4.770290106534957886e-02
2.800000000000000000e+01 1.021505799144506454e-02
2.850000000000000000e+01 2.340824902057647705e-02
2.900000000000000000e+01 1.048808619379997253e-01
2.950000000000000000e+01 2.596162632107734680e-02
3.000000000000000000e+01 -1.757031865417957306e-02
3.050000000000000000e+01 -3.474848344922065735e-02
3.100000000000000000e+01 -3.389631165191531181e-03
3.150000000000000000e+01 1.899058988783508539e-04
3.200000000000000000e+01 5.639517214149236679e-03
3.250000000000000000e+01 9.287513792514801025e-03
3.300000000000000000e+01 2.460510935634374619e-03
3.350000000000000000e+01 1.820738986134529114e-02
3.400000000000000000e+01 9.747394360601902008e-03
3.450000000000000000e+01 1.389360404573380947e-03
3.500000000000000000e+01 1.544204540550708771e-02
3.550000000000000000e+01 1.696983352303504944e-02
3.600000000000000000e+01 -1.255590934306383133e-02
3.650000000000000000e+01 -2.688177861273288727e-02
3.700000000000000000e+01 -2.199663780629634857e-03
3.750000000000000000e+01 -1.179889310151338577e-03
3.800000000000000000e+01 -6.085694581270217896e-02
3.850000000000000000e+01 -6.601203233003616333e-02
3.900000000000000000e+01 -4.520427901297807693e-03
3.950000000000000000e+01 -1.116234436631202698e-02
4.000000000000000000e+01 -1.521913567557930946e-03
4.050000000000000000e+01 2.841661684215068817e-02
4.100000000000000000e+01 5.568605661392211914e-02
4.150000000000000000e+01 4.189156461507081985e-03
4.200000000000000000e+01 -6.217904388904571533e-03
4.250000000000000000e+01 -3.312535956501960754e-02
4.300000000000000000e+01 -8.332914859056472778e-02
4.350000000000000000e+01 -8.879634551703929901e-03
4.400000000000000000e+01 5.491760093718767166e-04
4.450000000000000000e+01 5.325545556843280792e-03
4.500000000000000000e+01 4.581662826240062714e-03
4.550000000000000000e+01 2.553802914917469025e-03
4.600000000000000000e+01 -2.198452595621347427e-03
4.650000000000000000e+01 -1.102043688297271729e-02
4.700000000000000000e+01 -2.215853659436106682e-03
4.750000000000000000e+01 7.247374393045902252e-03
4.800000000000000000e+01 2.913457341492176056e-02
4.850000000000000000e+01 5.581295117735862732e-03
4.900000000000000000e+01 -4.056886769831180573e-03
4.950000000000000000e+01 -1.048740185797214508e-02
5.000000000000000000e+01 -9.354192297905683517e-04
5.050000000000000000e+01 1.917123445309698582e-03
5.100000000000000000e+01 -1.136215403676033020e-02
5.150000000000000000e+01 -6.899703294038772583e-03
5.200000000000000000e+01 -1.630815677344799042e-04
5.250000000000000000e+01 -2.188608050346374512e-07
5.300000000000000000e+01 4.642060957849025726e-08
5.350000000000000000e+01 4.147295840084552765e-09
5.400000000000000000e+01 -2.561137080192565918e-08
5.450000000000000000e+01 -6.984919309616088867e-08
5.500000000000000000e+01 8.381903171539306641e-08
5.550000000000000000e+01 8.003553375601768494e-08
5.600000000000000000e+01 -4.656612873077392578e-09
5.650000000000000000e+01 -7.450580596923828125e-08
5.700000000000000000e+01 -2.211891114711761475e-08
5.750000000000000000e+01 7.901689969003200531e-08
5.800000000000000000e+01 1.280568540096282959e-08
5.850000000000000000e+01 -6.519258022308349609e-08
5.900000000000000000e+01 5.820766091346740723e-09
5.950000000000000000e+01 -5.238689482212066650e-09
6.000000000000000000e+01 -1.779881131369620562e-08
6.050000000000000000e+01 1.025910023599863052e-07
6.100000000000000000e+01 2.648448571562767029e-08
6.150000000000000000e+01 -5.820766091346740723e-09
6.200000000000000000e+01 -3.026798367500305176e-08
6.250000000000000000e+01 -3.143213689327239990e-08
6.300000000000000000e+01 -4.656612873077392578e-08
6.350000000000000000e+01 7.450580596923828125e-08
6.400000000000000000e+01 -9.313225746154785156e-08
6.450000000000000000e+01 -7.101334631443023682e-08
