-5.000000000000000000e+00 5.209585651755332947e-08
-4.500000000000000000e+00 -7.712515071034431458e-08
-4.000000000000000000e+00 5.413312464952468872e-08
-3.500000000000000000e+00 4.336470738053321838e-08
-3.000000000000000000e+00 -6.286427378654479980e-08
-2.500000000000000000e+00 2.000888343900442123e-08
-2.000000000000000000e+00 -1.164153218269348145e-08
-1.500000000000000000e+00 2.196611603721976280e-07
-1.000000000000000000e+00 8.202943718060851097e-04
-5.000000000000000000e-01 1.226655766367912292e-01
0.000000000000000000e+00 8.226332664489746094e-01
5.000000000000000000e-01 2.446132153272628784e-01
1.000000000000000000e+00 -6.074398756027221680e-02
1.500000000000000000e+00 -4.364066570997238159e-02
2.000000000000000000e+00 -1.548510626889765263e-03
2.500000000000000000e+00 -4.073647316545248032e-03
3.000000000000000000e+00 -2.675115689635276794e-02
3.500000000000000000e+00 1.716410368680953979e-01
4.000000000000000000e+00 1.202461868524551392e-01
4.500000000000000000e+00 -1.740414835512638092e-02
5.000000000000000000e+00 -9.645333513617515564e-03
5.500000000000000000e+00 -7.600835524499416351e-03
6.000000000000000000e+00 2.146228216588497162e-03
6.500000000000000000e+00 5.394317954778671265e-02
7.000000000000000000e+00 -1.096761040389537811e-02
7.500000000000000000e+00 -6.712047755718231201e-02
8.000000000000000000e+00 -1.294506788253784180e-01
8.500000000000000000e+00 3.499740734696388245e-02
9.000000000000000000e+00 8.957520127296447754e-02
9.500000000000000000e+00 -7.038139551877975464e-02
1.000000000000000000e+01 -7.059251656755805016e-04
1.050000000000000000e+01 7.340779155492782593e-02
1.100000000000000000e+01 -4.545018449425697327e-02
1.150000000000000000e+01 -1.299294829368591309e-02
1.200000000000000000e+01 1.115776747465133667e-01
1.250000000000000000e+01 5.044001340866088867e-02
1.300000000000000000e+01 -1.313288230448961258e-03
1.350000000000000000e+01 -1.816831156611442566e-02
1.400000000000000000e+01 -3.849424421787261963e-02
1.450000000000000000e+01 -6.532393395900726318e-02
1.500000000000000000e+01 -1.144873723387718201e-02
1.550000000000000000e+01 -6.520458310842514038e-02
1.600000000000000000e+01 -1.927422732114791870e-01
1.650000000000000000e+01 -1.519620418548583984e-02
1.700000000000000000e+01 1.060741767287254333e-01
1.750000000000000000e+01 3.041823953390121460e-02
1.800000000000000000e+01 -4.042251035571098328e-02
1.850000000000000000e+01 6.480033509433269501e-03
1.900000000000000000e+01 9.476366452872753143e-03
1.950000000000000000e+01 -4.485937952995300293e-02
2.000000000000000000e+01 -4.633083939552307129e-02
2.050000000000000000e+01 1.125704031437635422e-03
2.100000000000000000e+01 3.747313842177391052e-02
2.150000000000000000e+01 -1.000511460006237030e-02
2.200000000000000000e+01 -3.443791717290878296e-02
2.250000000000000000e+01 7.207508385181427002e-02
2.300000000000000000e+01 4.517988115549087524e-02
2.350000000000000000e+01 -2.912614867091178894e-02
2.400000000000000000e+01 -4.813630878925323486e-02
2.450000000000000000e+01 4.730718792416155338e-04
2.500000000000000000e+01 2.730852179229259491e-02
2.550000000000000000e+01 1.384660787880420685e-02
2.600000000000000000e+01 1.822078600525856018e-03
2.650000000000000000e+01 3.713927790522575378e-02
2.700000000000000000e+01 8.351141214370727539e-02
2.750000000000000000e+01 2.766755595803260803e-02
2.800000000000000000e+01 3.938168287277221680e-02
2.850000000000000000e+01 1.050137728452682495e-01
2.900000000000000000e+01 1.660071499645709991e-02
2.950000000000000000e+01 2.566476538777351379e-02
3.000000000000000000e+01 2.282223105430603027e-02
3.050000000000000000e+01 9.845517575740814209e-03
3.100000000000000000e+01 6.010517477989196777e-02
3.150000000000000000e+01 2.924339473247528076e-02
3.200000000000000000e+01 -3.871740400791168213e-02
3.250000000000000000e+01 -2.049982920289039612e-02
3.300000000000000000e+01 2.098506316542625427e-02
3.350000000000000000e+01 1.082273945212364197e-02
3.400000000000000000e+01 -3.098261542618274689e-02
3.450000000000000000e+01 -2.899542450904846191e-02
3.500000000000000000e+01 3.196898475289344788e-02
3.550000000000000000e+01 2.174955233931541443e-02
3.600000000000000000e+01 2.151516266167163849e-02
3.650000000000000000e+01 5.336620658636093140e-02
3.700000000000000000e+01 5.987549666315317154e-03
3.750000000000000000e+01 2.677880911505781114e-05
3.800000000000000000e+01 -7.200689869932830334e-04
3.850000000000000000e+01 -8.770769461989402771e-03
3.900000000000000000e+01 -3.485540393739938736e-03
3.950000000000000000e+01 2.800155803561210632e-02
4.000000000000000000e+01 3.143869712948799133e-02
4.050000000000000000e+01 1.666841330006718636e-03
4.100000000000000000e+01 9.163233335129916668e-04
4.150000000000000000e+01 1.111373305320739746e-02
4.200000000000000000e+01 5.948766134679317474e-03
4.250000000000000000e+01 1.399248722009360790e-04
4.300000000000000000e+01 2.153694680373519077e-07
4.350000000000000000e+01 -3.232666401231654163e-08
4.400000000000000000e+01 1.011917265714146197e-05
4.450000000000000000e+01 1.494875177741050720e-03
4.500000000000000000e+01 9.747558273375034332e-03
4.550000000000000000e+01 2.862166147679090500e-03
4.600000000000000000e+01 4.065031185746192932e-03
4.650000000000000000e+01 9.304584003984928131e-03
4.700000000000000000e+01 -1.091809198260307312e-02
4.750000000000000000e+01 -2.410843968391418457e-03
4.800000000000000000e+01 1.406477950513362885e-02
4.850000000000000000e+01 1.811177935451269150e-03
4.900000000000000000e+01 -8.385037072002887726e-03
4.950000000000000000e+01 -8.130203001201152802e-03
5.000000000000000000e+01 5.754923913627862930e-03
5.050000000000000000e+01 1.649818150326609612e-03
5.100000000000000000e+01 -3.979906439781188965e-02
5.150000000000000000e+01 -1.569066196680068970e-02
5.200000000000000000e+01 -2.699936158023774624e-04
5.250000000000000000e+01 -2.188608050346374512e-07
5.300000000000000000e+01 4.016328603029251099e-08
5.350000000000000000e+01 1.251464709639549255e-08
5.400000000000000000e+01 -4.656612873077392578e-09
5.450000000000000000e+01 -6.053596735000610352e-08
5.500000000000000000e+01 5.587935447692871094e-08
5.550000000000000000e+01 9.196810424327850342e-08
5.600000000000000000e+01 -2.328306436538696289e-09
5.650000000000000000e+01 -3.230525180697441101e-08
5.700000000000000000e+01 -6.170012056827545166e-08
5.750000000000000000e+01 4.656612873077392578e-08
5.800000000000000000e+01 3.667082637548446655e-08
5.850000000000000000e+01 -5.122274160385131836e-08
5.900000000000000000e+01 -6.519258022308349609e-08
5.950000000000000000e+01 -2.793967723846435547e-08
6.000000000000000000e+01 -1.396983861923217773e-08
6.050000000000000000e+01 7.159542292356491089e-08
6.100000000000000000e+01 6.286427378654479980e-08
6.150000000000000000e+01 1.396983861923217773e-08
6.200000000000000000e+01 -2.281012712046504021e-08
6.250000000000000000e+01 4.656612873077392578e-09
6.300000000000000000e+01 -1.629814505577087402e-08
6.350000000000000000e+01 1.396983861923217773e-08
6.400000000000000000e+01 -3.870809450745582581e-08
6.450000000000000000e+01 -8.207280188798904419e-08
