-5.000000000000000000e+00 2.328306436538696289e-09
-4.500000000000000000e+00 1.513399183750152588e-08
-4.000000000000000000e+00 8.731149137020111084e-09
-3.500000000000000000e+00 9.167706593871116638e-07
-3.000000000000000000e+00 2.343273081351071596e-05
-2.500000000000000000e+00 3.675593761727213860e-04
-2.000000000000000000e+00 3.506503067910671234e-03
-1.500000000000000000e+00 2.047179266810417175e-02
-1.000000000000000000e+00 7.410199195146560669e-02
-5.000000000000000000e-01 1.710910499095916748e-01
0.000000000000000000e+00 2.643308341503143311e-01
5.000000000000000000e-01 2.851848602294921875e-01
1.000000000000000000e+00 2.080090343952178955e-01
1.500000000000000000e+00 8.696001023054122925e-02
2.000000000000000000e+00 2.232380211353302002e-02
2.500000000000000000e+00 3.422291576862335205e-02
3.000000000000000000e+00 5.375375971198081970e-02
3.500000000000000000e+00 4.504956305027008057e-02
4.000000000000000000e+00 3.710383921861648560e-02
4.500000000000000000e+00 5.585438013076782227e-02
5.000000000000000000e+00 8.018705993890762329e-02
5.500000000000000000e+00 7.331760227680206299e-02
6.000000000000000000e+00 4.030146449804306030e-02
6.500000000000000000e+00 1.253281533718109131e-02
7.000000000000000000e+00 -1.821743790060281754e-03
7.500000000000000000e+00 -1.450420543551445007e-02
8.000000000000000000e+00 -2.964098006486892700e-02
8.500000000000000000e+00 -3.524503111839294434e-02
9.000000000000000000e+00 -2.280217036604881287e-02
9.500000000000000000e+00 -3.362309886142611504e-03
1.000000000000000000e+01 8.600896224379539490e-03
1.050000000000000000e+01 1.258620247244834900e-02
1.100000000000000000e+01 1.630498841404914856e-02
1.150000000000000000e+01 2.079050801694393158e-02
1.200000000000000000e+01 1.999340020120143890e-02
1.250000000000000000e+01 1.263969764113426208e-02
1.300000000000000000e+01 2.591752214357256889e-03
1.350000000000000000e+01 -9.203068912029266357e-03
1.400000000000000000e+01 -2.226622030138969421e-02
1.450000000000000000e+01 -3.113679215312004089e-02
1.500000000000000000e+01 -3.555038198828697205e-02
1.550000000000000000e+01 -4.499297589063644409e-02
1.600000000000000000e+01 -5.954977869987487793e-02
1.650000000000000000e+01 -6.480146944522857666e-02
1.700000000000000000e+01 -5.308783054351806641e-02
1.750000000000000000e+01 -3.582869842648506165e-02
1.800000000000000000e+01 -2.676300518214702606e-02
1.850000000000000000e+01 -2.196970395743846893e-02
1.900000000000000000e+01 -9.493167512118816376e-03
1.950000000000000000e+01 1.113608572632074356e-02
2.000000000000000000e+01 2.709352225065231323e-02
2.050000000000000000e+01 2.429127693176269531e-02
2.100000000000000000e+01 4.082600586116313934e-03
2.150000000000000000e+01 -1.576523110270500183e-02
2.200000000000000000e+01 -1.856701634824275970e-02
2.250000000000000000e+01 -3.218031022697687149e-03
2.300000000000000000e+01 1.654375158250331879e-02
2.350000000000000000e+01 2.491996623575687408e-02
2.400000000000000000e+01 1.821706071496009827e-02
2.450000000000000000e+01 6.153744179755449295e-03
2.500000000000000000e+01 -2.148850122466683388e-03
2.550000000000000000e+01 -4.794014152139425278e-03
2.600000000000000000e+01 -3.609960433095693588e-03
2.650000000000000000e+01 -1.558322575874626637e-03
2.700000000000000000e+01 -4.210149927530437708e-04
2.750000000000000000e+01 -2.150635409634560347e-04
2.800000000000000000e+01 -8.353270823135972023e-04
2.850000000000000000e+01 -2.753553912043571472e-03
2.900000000000000000e+01 -5.544305313378572464e-03
2.950000000000000000e+01 -6.771233864128589630e-03
3.000000000000000000e+01 -5.004622507840394974e-03
3.050000000000000000e+01 -2.101401565596461296e-03
3.100000000000000000e+01 6.046607159078121185e-04
3.150000000000000000e+01 6.069749593734741211e-03
3.200000000000000000e+01 1.985559239983558655e-02
3.250000000000000000e+01 4.068557918071746826e-02
3.300000000000000000e+01 5.294370651245117188e-02
3.350000000000000000e+01 4.363501444458961487e-02
3.400000000000000000e+01 2.267395146191120148e-02
3.450000000000000000e+01 7.391210645437240601e-03
3.500000000000000000e+01 1.540774828754365444e-03
3.550000000000000000e+01 5.075649241916835308e-04
3.600000000000000000e+01 1.629756414331495762e-03
3.650000000000000000e+01 5.234345793724060059e-03
3.700000000000000000e+01 1.092196349054574966e-02
3.750000000000000000e+01 1.470818184316158295e-02
3.800000000000000000e+01 1.277883350849151611e-02
3.850000000000000000e+01 7.614714559167623520e-03
3.900000000000000000e+01 5.579834803938865662e-03
3.950000000000000000e+01 1.003595069050788879e-02
4.000000000000000000e+01 1.752862334251403809e-02
4.050000000000000000e+01 1.965061575174331665e-02
4.100000000000000000e+01 1.358179375529289246e-02
4.150000000000000000e+01 5.776556208729743958e-03
4.200000000000000000e+01 1.512813614681363106e-03
4.250000000000000000e+01 2.440952521283179522e-04
4.300000000000000000e+01 2.530932397348806262e-05
4.350000000000000000e+01 1.935720865731127560e-05
4.400000000000000000e+01 1.864473597379401326e-04
4.450000000000000000e+01 1.211541006341576576e-03
4.500000000000000000e+01 4.971734248101711273e-03
4.550000000000000000e+01 1.312240492552518845e-02
4.600000000000000000e+01 2.276017330586910248e-02
4.650000000000000000e+01 2.637738361954689026e-02
4.700000000000000000e+01 2.048077993094921112e-02
4.750000000000000000e+01 1.051209680736064911e-02
4.800000000000000000e+01 3.488867077976465225e-03
4.850000000000000000e+01 7.399439346045255661e-04
4.900000000000000000e+01 1.704510941635817289e-04
4.950000000000000000e+01 4.596507642418146133e-04
5.000000000000000000e+01 1.658627297729253769e-03
5.050000000000000000e+01 3.690477460622787476e-03
5.100000000000000000e+01 4.981625825166702271e-03
5.150000000000000000e+01 4.078634083271026611e-03
5.200000000000000000e+01 2.025403082370758057e-03
5.250000000000000000e+01 6.100395694375038147e-04
5.300000000000000000e+01 1.114525366574525833e-04
5.350000000000000000e+01 1.234700903296470642e-05
5.400000000000000000e+01 8.312053978443145752e-07
5.450000000000000000e+01 4.423782229423522949e-08
5.500000000000000000e+01 1.280568540096282959e-08
5.550000000000000000e+01 2.095475792884826660e-08
5.600000000000000000e+01 9.313225746154785156e-09
5.650000000000000000e+01 2.328306436538696289e-08
5.700000000000000000e+01 9.313225746154785156e-09
5.750000000000000000e+01 -4.656612873077392578e-09
5.800000000000000000e+01 1.047737896442413330e-08
5.850000000000000000e+01 1.396983861923217773e-08
5.900000000000000000e+01 -6.984919309616088867e-09
5.950000000000000000e+01 -2.211891114711761475e-08
6.000000000000000000e+01 -1.164153218269348145e-08
6.050000000000000000e+01 1.979060471057891846e-08
6.100000000000000000e+01 9.313225746154785156e-09
6.150000000000000000e+01 -6.402842700481414795e-09
6.200000000000000000e+01 -2.037268131971359253e-08
6.250000000000000000e+01 -1.688022166490554810e-08
6.300000000000000000e+01 1.280568540096282959e-08
6.350000000000000000e+01 4.656612873077392578e-09
6.400000000000000000e+01 0.000000000000000000e+00
6.450000000000000000e+01 -5.966285243630409241e-09
