-5.000000000000000000e+00 -8.913048077374696732e-09
-4.500000000000000000e+00 -7.421476766467094421e-09
-4.000000000000000000e+00 -5.238689482212066650e-09
-3.500000000000000000e+00 6.350455805659294128e-07
-3.000000000000000000e+00 1.811422407627105713e-05
-2.500000000000000000e+00 3.210850991308689117e-04
-2.000000000000000000e+00 3.464416367933154106e-03
-1.500000000000000000e+00 2.272311970591545105e-02
-1.000000000000000000e+00 9.052948653697967529e-02
-5.000000000000000000e-01 2.188683301210403442e-01
0.000000000000000000e+00 3.206247091293334961e-01
5.000000000000000000e-01 2.840723693370819092e-01
1.000000000000000000e+00 1.528068184852600098e-01
1.500000000000000000e+00 5.387434735894203186e-02
2.000000000000000000e+00 2.425958961248397827e-02
2.500000000000000000e+00 3.778223693370819092e-02
3.000000000000000000e+00 7.297585904598236084e-02
3.500000000000000000e+00 9.907716512680053711e-02
4.000000000000000000e+00 8.879512548446655273e-02
4.500000000000000000e+00 5.962739884853363037e-02
5.000000000000000000e+00 3.852303326129913330e-02
5.500000000000000000e+00 2.362436428666114807e-02
6.000000000000000000e+00 8.967863395810127258e-03
6.500000000000000000e+00 -4.807039629667997360e-03
7.000000000000000000e+00 -1.839765347540378571e-02
7.500000000000000000e+00 -2.733487635850906372e-02
8.000000000000000000e+00 -2.429472655057907104e-02
8.500000000000000000e+00 -1.350344717502593994e-02
9.000000000000000000e+00 -6.377598270773887634e-03
9.500000000000000000e+00 -8.260654285550117493e-03
1.000000000000000000e+01 -1.569824106991291046e-02
1.050000000000000000e+01 -1.470289658755064011e-02
1.100000000000000000e+01 1.069701742380857468e-02
1.150000000000000000e+01 5.168460309505462646e-02
1.200000000000000000e+01 7.068148255348205566e-02
1.250000000000000000e+01 4.702075570821762085e-02
1.300000000000000000e+01 4.742599558085203171e-03
1.350000000000000000e+01 -2.332949638366699219e-02
1.400000000000000000e+01 -2.987282536923885345e-02
1.450000000000000000e+01 -3.179299831390380859e-02
1.500000000000000000e+01 -4.485585168004035950e-02
1.550000000000000000e+01 -5.789496004581451416e-02
1.600000000000000000e+01 -5.179131031036376953e-02
1.650000000000000000e+01 -3.512434288859367371e-02
1.700000000000000000e+01 -2.552231773734092712e-02
1.750000000000000000e+01 -2.023377642035484314e-02
1.800000000000000000e+01 -1.163871772587299347e-02
1.850000000000000000e+01 -2.221003174781799316e-03
1.900000000000000000e+01 3.893966320902109146e-03
1.950000000000000000e+01 5.451815202832221985e-03
2.000000000000000000e+01 2.995468210428953171e-03
2.050000000000000000e+01 -7.532519521191716194e-04
2.100000000000000000e+01 -2.648228779435157776e-03
2.150000000000000000e+01 -1.340599963441491127e-03
2.200000000000000000e+01 2.176102250814437866e-03
2.250000000000000000e+01 5.184394307434558868e-03
2.300000000000000000e+01 4.981379024684429169e-03
2.350000000000000000e+01 1.744123175740242004e-03
2.400000000000000000e+01 -1.257115392945706844e-03
2.450000000000000000e+01 -9.547183290123939514e-04
2.500000000000000000e+01 2.591432537883520126e-03
2.550000000000000000e+01 5.108290351927280426e-03
2.600000000000000000e+01 7.306027109734714031e-04
2.650000000000000000e+01 -1.061339490115642548e-02
2.700000000000000000e+01 -1.924578845500946045e-02
2.750000000000000000e+01 -1.516895368695259094e-02
2.800000000000000000e+01 1.024175668135285378e-03
2.850000000000000000e+01 2.155448868870735168e-02
2.900000000000000000e+01 3.475820645689964294e-02
2.950000000000000000e+01 2.952777594327926636e-02
3.000000000000000000e+01 9.673940017819404602e-03
3.050000000000000000e+01 -8.143120445311069489e-03
3.100000000000000000e+01 -1.240724883973598480e-02
3.150000000000000000e+01 -5.936242640018463135e-03
3.200000000000000000e+01 1.790400245226919651e-03
3.250000000000000000e+01 7.612412795424461365e-03
3.300000000000000000e+01 1.239360123872756958e-02
3.350000000000000000e+01 1.372586749494075775e-02
3.400000000000000000e+01 1.083052717149257660e-02
3.450000000000000000e+01 7.289875764399766922e-03
3.500000000000000000e+01 4.622987937182188034e-03
3.550000000000000000e+01 1.837586984038352966e-03
3.600000000000000000e+01 -8.343614172190427780e-04
3.650000000000000000e+01 -3.965377807617187500e-03
3.700000000000000000e+01 -1.215822808444499969e-02
3.750000000000000000e+01 -2.812174707651138306e-02
3.800000000000000000e+01 -4.096834361553192139e-02
3.850000000000000000e+01 -3.610895574092864990e-02
3.900000000000000000e+01 -1.870197430253028870e-02
3.950000000000000000e+01 -3.227517474442720413e-03
4.000000000000000000e+01 8.201077580451965332e-03
4.050000000000000000e+01 1.789120770990848541e-02
4.100000000000000000e+01 2.046062424778938293e-02
4.150000000000000000e+01 1.104820705950260162e-02
4.200000000000000000e+01 -7.349197287112474442e-03
4.250000000000000000e+01 -2.723152562975883484e-02
4.300000000000000000e+01 -3.559484332799911499e-02
4.350000000000000000e+01 -2.492526732385158539e-02
4.400000000000000000e+01 -7.209655828773975372e-03
4.450000000000000000e+01 2.532897517085075378e-03
4.500000000000000000e+01 3.030263353139162064e-03
4.550000000000000000e+01 2.778051130007952452e-04
4.600000000000000000e+01 -1.175857032649219036e-03
4.650000000000000000e+01 4.401041951496154070e-05
4.700000000000000000e+01 3.574415808543562889e-03
4.750000000000000000e+01 7.827409543097019196e-03
4.800000000000000000e+01 9.458531625568866730e-03
4.850000000000000000e+01 6.732054986059665680e-03
4.900000000000000000e+01 2.330886432901024818e-03
4.950000000000000000e+01 -6.284989649429917336e-04
5.000000000000000000e+01 -2.335121389478445053e-03
5.050000000000000000e+01 -4.673432558774948120e-03
5.100000000000000000e+01 -7.127635180950164795e-03
5.150000000000000000e+01 -6.868876516819000244e-03
5.200000000000000000e+01 -3.979820758104324341e-03
5.250000000000000000e+01 -1.380378380417823792e-03
5.300000000000000000e+01 -2.874224446713924408e-04
5.350000000000000000e+01 -3.603752702474594116e-05
5.400000000000000000e+01 -2.728775143623352051e-06
5.450000000000000000e+01 -1.303851604461669922e-07
5.500000000000000000e+01 -4.656612873077392578e-09
5.550000000000000000e+01 1.396983861923217773e-08
5.600000000000000000e+01 -6.984919309616088867e-09
5.650000000000000000e+01 -2.561137080192565918e-08
5.700000000000000000e+01 -9.313225746154785156e-09
5.750000000000000000e+01 6.075424607843160629e-09
5.800000000000000000e+01 -1.979060471057891846e-08
5.850000000000000000e+01 -3.259629011154174805e-08
5.900000000000000000e+01 -3.026798367500305176e-08
5.950000000000000000e+01 -5.238689482212066650e-09
6.000000000000000000e+01 7.858034223318099976e-09
6.050000000000000000e+01 3.230525180697441101e-08
6.100000000000000000e+01 1.862645149230957031e-08
6.150000000000000000e+01 -9.895302355289459229e-09
6.200000000000000000e+01 -3.521563485264778137e-08
6.250000000000000000e+01 -2.211891114711761475e-08
6.300000000000000000e+01 -3.259629011154174805e-08
6.350000000000000000e+01 -2.793967723846435547e-08
6.400000000000000000e+01 -5.471520125865936279e-08
6.450000000000000000e+01 -2.270098775625228882e-08
