-5.000000000000000000e+00 -9.313225746154785156e-09
-4.500000000000000000e+00 -1.135049387812614441e-08
-4.000000000000000000e+00 3.492459654808044434e-09
-3.500000000000000000e+00 1.803855411708354950e-06
-3.000000000000000000e+00 4.676956450566649437e-05
-2.500000000000000000e+00 7.304316386580467224e-04
-2.000000000000000000e+00 6.910949014127254486e-03
-1.500000000000000000e+00 3.958210349082946777e-02
-1.000000000000000000e+00 1.369960010051727295e-01
-5.000000000000000000e-01 2.855136692523956299e-01
0.000000000000000000e+00 3.549930155277252197e-01
5.000000000000000000e-01 2.547210454940795898e-01
1.000000000000000000e+00 8.825231343507766724e-02
1.500000000000000000e+00 -1.027302630245685577e-02
2.000000000000000000e+00 -2.256270870566368103e-02
2.500000000000000000e+00 1.594748534262180328e-02
3.000000000000000000e+00 6.972670555114746094e-02
3.500000000000000000e+00 9.671568870544433594e-02
4.000000000000000000e+00 7.381588220596313477e-02
4.500000000000000000e+00 2.545563690364360809e-02
5.000000000000000000e+00 -1.083602011203765869e-02
5.500000000000000000e+00 -1.874998956918716431e-02
6.000000000000000000e+00 -3.529614303261041641e-03
6.500000000000000000e+00 1.660249754786491394e-02
7.000000000000000000e+00 2.322420291602611542e-02
7.500000000000000000e+00 1.240169815719127655e-02
8.000000000000000000e+00 -3.192907199263572693e-03
8.500000000000000000e+00 -1.264658290892839432e-02
9.000000000000000000e+00 -1.987627148628234863e-02
9.500000000000000000e+00 -3.107001632452011108e-02
1.000000000000000000e+01 -3.649108856916427612e-02
1.050000000000000000e+01 -1.855220645666122437e-02
1.100000000000000000e+01 2.382503636181354523e-02
1.150000000000000000e+01 6.296444684267044067e-02
1.200000000000000000e+01 6.117237731814384460e-02
1.250000000000000000e+01 2.044280990958213806e-02
1.300000000000000000e+01 -1.242215279489755630e-02
1.350000000000000000e+01 -7.261934224516153336e-03
1.400000000000000000e+01 1.697249896824359894e-02
1.450000000000000000e+01 2.276475541293621063e-02
1.500000000000000000e+01 -7.497471757233142853e-03
1.550000000000000000e+01 -6.109233945608139038e-02
1.600000000000000000e+01 -9.941291809082031250e-02
1.650000000000000000e+01 -8.617049455642700195e-02
1.700000000000000000e+01 -3.556514158844947815e-02
1.750000000000000000e+01 5.353578366339206696e-03
1.800000000000000000e+01 1.828801259398460388e-02
1.850000000000000000e+01 1.756485737860202789e-02
1.900000000000000000e+01 1.462858170270919800e-02
1.950000000000000000e+01 4.746094346046447754e-03
2.000000000000000000e+01 -1.308218203485012054e-02
2.050000000000000000e+01 -2.095104753971099854e-02
2.100000000000000000e+01 -7.400060072541236877e-03
2.150000000000000000e+01 1.459766179323196411e-02
2.200000000000000000e+01 2.851811237633228302e-02
2.250000000000000000e+01 2.829611301422119141e-02
2.300000000000000000e+01 1.830174028873443604e-02
2.350000000000000000e+01 7.931982167065143585e-03
2.400000000000000000e+01 1.498594647273421288e-03
2.450000000000000000e+01 -6.134221795946359634e-03
2.500000000000000000e+01 -2.643787860870361328e-02
2.550000000000000000e+01 -5.892986431717872620e-02
2.600000000000000000e+01 -7.375984638929367065e-02
2.650000000000000000e+01 -5.059728398919105530e-02
2.700000000000000000e+01 -1.422770787030458450e-02
2.750000000000000000e+01 1.052596978843212128e-02
2.800000000000000000e+01 2.181737124919891357e-02
2.850000000000000000e+01 1.576706394553184509e-02
2.900000000000000000e+01 -6.448777392506599426e-03
2.950000000000000000e+01 -2.172457054257392883e-02
3.000000000000000000e+01 -8.173025213181972504e-03
3.050000000000000000e+01 2.304212749004364014e-02
3.100000000000000000e+01 3.735231235623359680e-02
3.150000000000000000e+01 1.707143150269985199e-02
3.200000000000000000e+01 -1.947089843451976776e-02
3.250000000000000000e+01 -3.927513957023620605e-02
3.300000000000000000e+01 -2.743058837950229645e-02
3.350000000000000000e+01 2.480765804648399353e-03
3.400000000000000000e+01 2.763574570417404175e-02
3.450000000000000000e+01 3.305640071630477905e-02
3.500000000000000000e+01 1.686359010636806488e-02
3.550000000000000000e+01 -1.214531064033508301e-02
3.600000000000000000e+01 -4.144641011953353882e-02
3.650000000000000000e+01 -5.373854190111160278e-02
3.700000000000000000e+01 -4.034306108951568604e-02
3.750000000000000000e+01 -1.644993014633655548e-02
3.800000000000000000e+01 -1.601838157512247562e-03
3.850000000000000000e+01 -1.506185799371451139e-04
3.900000000000000000e+01 -8.113217540085315704e-03
3.950000000000000000e+01 -2.044768258929252625e-02
4.000000000000000000e+01 -2.839888446033000946e-02
4.050000000000000000e+01 -2.530448324978351593e-02
4.100000000000000000e+01 -1.377474423497915268e-02
4.150000000000000000e+01 1.495050964877009392e-03
4.200000000000000000e+01 1.392867509275674820e-02
4.250000000000000000e+01 1.094032544642686844e-02
4.300000000000000000e+01 -1.269852649420499802e-02
4.350000000000000000e+01 -4.244007915258407593e-02
4.400000000000000000e+01 -5.256823450326919556e-02
4.450000000000000000e+01 -2.952442504465579987e-02
4.500000000000000000e+01 1.419410202652215958e-02
4.550000000000000000e+01 4.907943680882453918e-02
4.600000000000000000e+01 4.882600903511047363e-02
4.650000000000000000e+01 1.690623350441455841e-02
4.700000000000000000e+01 -1.367176882922649384e-02
4.750000000000000000e+01 -1.924329437315464020e-02
4.800000000000000000e+01 -4.458886571228504181e-03
4.850000000000000000e+01 1.554428040981292725e-02
4.900000000000000000e+01 2.810132876038551331e-02
4.950000000000000000e+01 2.428355813026428223e-02
5.000000000000000000e+01 1.080517843365669250e-02
5.050000000000000000e+01 4.796944558620452881e-03
5.100000000000000000e+01 7.556136697530746460e-03
5.150000000000000000e+01 8.376976475119590759e-03
5.200000000000000000e+01 4.931432195007801056e-03
5.250000000000000000e+01 1.661618007346987724e-03
5.300000000000000000e+01 3.326602745801210403e-04
5.350000000000000000e+01 4.011177225038409233e-05
5.400000000000000000e+01 2.908054739236831665e-06
5.450000000000000000e+01 1.629814505577087402e-07
5.500000000000000000e+01 6.053596735000610352e-08
5.550000000000000000e+01 5.122274160385131836e-08
5.600000000000000000e+01 -7.930793799459934235e-09
5.650000000000000000e+01 -2.270098775625228882e-08
5.700000000000000000e+01 -4.656612873077392578e-09
5.750000000000000000e+01 1.979060471057891846e-08
5.800000000000000000e+01 -4.656612873077392578e-09
5.850000000000000000e+01 -3.492459654808044434e-09
5.900000000000000000e+01 -1.804437488317489624e-08
5.950000000000000000e+01 2.328306436538696289e-09
6.000000000000000000e+01 1.396983861923217773e-08
6.050000000000000000e+01 4.656612873077392578e-08
6.100000000000000000e+01 3.492459654808044434e-09
6.150000000000000000e+01 -6.984919309616088867e-09
6.200000000000000000e+01 -4.511093720793724060e-08
6.250000000000000000e+01 -3.725290298461914062e-08
6.300000000000000000e+01 -2.328306436538696289e-08
6.350000000000000000e+01 -3.492459654808044434e-09
6.400000000000000000e+01 -2.371962182223796844e-08
6.450000000000000000e+01 -1.338776201009750366e-08
