-5.000000000000000000e+00 -1.211446942761540413e-08
-4.500000000000000000e+00 -1.164153218269348145e-09
-4.000000000000000000e+00 8.731149137020111084e-10
-3.500000000000000000e+00 7.951166480779647827e-07
-3.000000000000000000e+00 2.274522557854652405e-05
-2.500000000000000000e+00 3.959133755415678024e-04
-2.000000000000000000e+00 4.189169034361839294e-03
-1.500000000000000000e+00 2.688894979655742645e-02
-1.000000000000000000e+00 1.043472364544868469e-01
-5.000000000000000000e-01 2.434369176626205444e-01
0.000000000000000000e+00 3.380480408668518066e-01
5.000000000000000000e-01 2.753375768661499023e-01
1.000000000000000000e+00 1.327204406261444092e-01
1.500000000000000000e+00 5.117589607834815979e-02
2.000000000000000000e+00 3.766589239239692688e-02
2.500000000000000000e+00 4.006846994161605835e-02
3.000000000000000000e+00 4.435676336288452148e-02
3.500000000000000000e+00 4.604941233992576599e-02
4.000000000000000000e+00 3.275703266263008118e-02
4.500000000000000000e+00 1.836198568344116211e-02
5.000000000000000000e+00 2.444987185299396515e-02
5.500000000000000000e+00 3.638521581888198853e-02
6.000000000000000000e+00 3.046244382858276367e-02
6.500000000000000000e+00 8.852028287947177887e-03
7.000000000000000000e+00 -1.920370198786258698e-02
7.500000000000000000e+00 -4.767056182026863098e-02
8.000000000000000000e+00 -5.940060317516326904e-02
8.500000000000000000e+00 -4.434796050190925598e-02
9.000000000000000000e+00 -1.987846568226814270e-02
9.500000000000000000e+00 -3.199999919161200523e-03
1.000000000000000000e+01 1.105678454041481018e-02
1.050000000000000000e+01 3.608476370573043823e-02
1.100000000000000000e+01 6.483130902051925659e-02
1.150000000000000000e+01 6.745272874832153320e-02
1.200000000000000000e+01 3.711542114615440369e-02
1.250000000000000000e+01 4.560539033263921738e-03
1.300000000000000000e+01 -8.681868202984333038e-03
1.350000000000000000e+01 -8.230549283325672150e-03
1.400000000000000000e+01 -8.217895403504371643e-03
1.450000000000000000e+01 -2.068137377500534058e-02
1.500000000000000000e+01 -4.821214079856872559e-02
1.550000000000000000e+01 -7.241711765527725220e-02
1.600000000000000000e+01 -7.102315127849578857e-02
1.650000000000000000e+01 -5.054720491170883179e-02
1.700000000000000000e+01 -3.137909621000289917e-02
1.750000000000000000e+01 -1.690627261996269226e-02
1.800000000000000000e+01 -1.844920552684925497e-05
1.850000000000000000e+01 1.973002962768077850e-02
1.900000000000000000e+01 3.216506913304328918e-02
1.950000000000000000e+01 2.683925628662109375e-02
2.000000000000000000e+01 7.855743169784545898e-03
2.050000000000000000e+01 -1.100734993815422058e-02
2.100000000000000000e+01 -1.917211525142192841e-02
2.150000000000000000e+01 -1.489808037877082825e-02
2.200000000000000000e+01 -4.711775109171867371e-03
2.250000000000000000e+01 7.491472177207469940e-03
2.300000000000000000e+01 2.388035506010055542e-02
2.350000000000000000e+01 4.079822078347206116e-02
2.400000000000000000e+01 4.594366624951362610e-02
2.450000000000000000e+01 3.398154303431510925e-02
2.500000000000000000e+01 1.436954736709594727e-02
2.550000000000000000e+01 -1.347747398540377617e-03
2.600000000000000000e+01 -8.392954245209693909e-03
2.650000000000000000e+01 -5.546574480831623077e-03
2.700000000000000000e+01 7.119369227439165115e-03
2.750000000000000000e+01 2.706909552216529846e-02
2.800000000000000000e+01 4.313856363296508789e-02
2.850000000000000000e+01 4.076983407139778137e-02
2.900000000000000000e+01 2.240741811692714691e-02
2.950000000000000000e+01 2.148588187992572784e-03
3.000000000000000000e+01 -1.474190037697553635e-02
3.050000000000000000e+01 -2.573321573436260223e-02
3.100000000000000000e+01 -2.386660873889923096e-02
3.150000000000000000e+01 -9.292437694966793060e-03
3.200000000000000000e+01 1.175604946911334991e-02
3.250000000000000000e+01 3.367196395993232727e-02
3.300000000000000000e+01 4.434680566191673279e-02
3.350000000000000000e+01 3.374367207288742065e-02
3.400000000000000000e+01 1.023779809474945068e-02
3.450000000000000000e+01 -1.108518987894058228e-02
3.500000000000000000e+01 -2.383225597441196442e-02
3.550000000000000000e+01 -2.763125672936439514e-02
3.600000000000000000e+01 -2.219734340906143188e-02
3.650000000000000000e+01 -1.084000989794731140e-02
3.700000000000000000e+01 -2.839151304215192795e-03
3.750000000000000000e+01 -2.202588133513927460e-03
3.800000000000000000e+01 -4.315846133977174759e-03
3.850000000000000000e+01 -5.299678072333335876e-03
3.900000000000000000e+01 -6.398753263056278229e-03
3.950000000000000000e+01 -9.061294607818126678e-03
4.000000000000000000e+01 -1.029452402144670486e-02
4.050000000000000000e+01 -7.589943706989288330e-03
4.100000000000000000e+01 -4.019430838525295258e-03
4.150000000000000000e+01 -5.013206042349338531e-03
4.200000000000000000e+01 -1.594249904155731201e-02
4.250000000000000000e+01 -3.695934638381004333e-02
4.300000000000000000e+01 -5.242716893553733826e-02
4.350000000000000000e+01 -4.512370377779006958e-02
4.400000000000000000e+01 -2.355665899813175201e-02
4.450000000000000000e+01 -7.458887062966823578e-03
4.500000000000000000e+01 -1.432140823453664780e-03
4.550000000000000000e+01 -1.599405077286064625e-04
4.600000000000000000e+01 7.229249604279175401e-05
4.650000000000000000e+01 6.220776122063398361e-04
4.700000000000000000e+01 2.816387452185153961e-03
4.750000000000000000e+01 7.944256998598575592e-03
4.800000000000000000e+01 1.502825133502483368e-02
4.850000000000000000e+01 2.287228591740131378e-02
4.900000000000000000e+01 3.325100615620613098e-02
4.950000000000000000e+01 4.137488082051277161e-02
5.000000000000000000e+01 3.580342605710029602e-02
5.050000000000000000e+01 1.891975291073322296e-02
5.100000000000000000e+01 4.656165838241577148e-03
5.150000000000000000e+01 -9.818002581596374512e-04
5.200000000000000000e+01 -1.311292871832847595e-03
5.250000000000000000e+01 -5.188677459955215454e-04
5.300000000000000000e+01 -1.112581230700016022e-04
5.350000000000000000e+01 -1.399079337716102600e-05
5.400000000000000000e+01 -1.059379428625106812e-06
5.450000000000000000e+01 -3.725290298461914062e-08
5.500000000000000000e+01 1.629814505577087402e-08
5.550000000000000000e+01 5.820766091346740723e-09
5.600000000000000000e+01 -1.396983861923217773e-08
5.650000000000000000e+01 -1.629814505577087402e-08
5.700000000000000000e+01 4.656612873077392578e-09
5.750000000000000000e+01 3.492459654808044434e-08
5.800000000000000000e+01 8.731149137020111084e-10
5.850000000000000000e+01 -3.492459654808044434e-09
5.900000000000000000e+01 -1.862645149230957031e-08
5.950000000000000000e+01 -9.313225746154785156e-09
6.000000000000000000e+01 -4.656612873077392578e-09
6.050000000000000000e+01 1.658918336033821106e-08
6.100000000000000000e+01 7.858034223318099976e-09
6.150000000000000000e+01 -3.492459654808044434e-09
6.200000000000000000e+01 -1.396983861923217773e-08
6.250000000000000000e+01 1.629814505577087402e-08
6.300000000000000000e+01 2.328306436538696289e-08
6.350000000000000000e+01 -1.047737896442413330e-08
6.400000000000000000e+01 -3.201421350240707397e-08
6.450000000000000000e+01 -1.542503014206886292e-08
