-5.000000000000000000e+00 -2.444721758365631104e-08
-4.500000000000000000e+00 -1.746229827404022217e-09
-4.000000000000000000e+00 3.579771146178245544e-08
-3.500000000000000000e+00 1.845473889261484146e-06
-3.000000000000000000e+00 4.720428478321991861e-05
-2.500000000000000000e+00 7.382253534160554409e-04
-2.000000000000000000e+00 7.003504782915115356e-03
-1.500000000000000000e+00 4.029481112957000732e-02
-1.000000000000000000e+00 1.405530273914337158e-01
-5.000000000000000000e-01 2.969175279140472412e-01
0.000000000000000000e+00 3.785109519958496094e-01
5.000000000000000000e-01 2.875266075134277344e-01
1.000000000000000000e+00 1.242391094565391541e-01
1.500000000000000000e+00 2.606998942792415619e-02
2.000000000000000000e+00 9.413888677954673767e-03
2.500000000000000000e+00 3.753989934921264648e-02
3.000000000000000000e+00 7.965028285980224609e-02
3.500000000000000000e+00 9.750907123088836670e-02
4.000000000000000000e+00 7.251542806625366211e-02
4.500000000000000000e+00 3.287270665168762207e-02
5.000000000000000000e+00 9.108189493417739868e-03
5.500000000000000000e+00 3.292329609394073486e-03
6.000000000000000000e+00 6.558031309396028519e-03
6.500000000000000000e+00 1.130778528749942780e-02
7.000000000000000000e+00 1.212593261152505875e-02
7.500000000000000000e+00 8.637589402496814728e-03
8.000000000000000000e+00 3.582561621442437172e-03
8.500000000000000000e+00 -3.545747138559818268e-03
9.000000000000000000e+00 -1.576350629329681396e-02
9.500000000000000000e+00 -2.836987748742103577e-02
1.000000000000000000e+01 -2.958867885172367096e-02
1.050000000000000000e+01 -1.855716295540332794e-02
1.100000000000000000e+01 -5.759074352681636810e-03
1.150000000000000000e+01 4.538450390100479126e-03
1.200000000000000000e+01 1.490647904574871063e-02
1.250000000000000000e+01 2.245058864355087280e-02
1.300000000000000000e+01 1.862983219325542450e-02
1.350000000000000000e+01 -1.870030770078301430e-03
1.400000000000000000e+01 -4.009893164038658142e-02
1.450000000000000000e+01 -8.264885842800140381e-02
1.500000000000000000e+01 -9.517005831003189087e-02
1.550000000000000000e+01 -6.571756303310394287e-02
1.600000000000000000e+01 -2.601796388626098633e-02
1.650000000000000000e+01 -2.863554982468485832e-03
1.700000000000000000e+01 3.920357208698987961e-03
1.750000000000000000e+01 9.186091483570635319e-04
1.800000000000000000e+01 -8.206294849514961243e-03
1.850000000000000000e+01 -2.134201861917972565e-02
1.900000000000000000e+01 -3.953691571950912476e-02
1.950000000000000000e+01 -6.046451628208160400e-02
2.000000000000000000e+01 -6.649016588926315308e-02
2.050000000000000000e+01 -4.671404138207435608e-02
2.100000000000000000e+01 -1.987768150866031647e-02
2.150000000000000000e+01 -5.714382044970989227e-03
2.200000000000000000e+01 -3.516187425702810287e-03
2.250000000000000000e+01 -5.046664737164974213e-03
2.300000000000000000e+01 -5.488002672791481018e-03
2.350000000000000000e+01 -6.293260958045721054e-03
2.400000000000000000e+01 -1.179712824523448944e-02
2.450000000000000000e+01 -1.949837245047092438e-02
2.500000000000000000e+01 -2.039861865341663361e-02
2.550000000000000000e+01 -1.265401486307382584e-02
2.600000000000000000e+01 -3.812730312347412109e-03
2.650000000000000000e+01 7.742465822957456112e-04
2.700000000000000000e+01 1.589314779266715050e-03
2.750000000000000000e+01 1.014056149870157242e-03
2.800000000000000000e+01 9.129946120083332062e-04
2.850000000000000000e+01 2.265331335365772247e-03
2.900000000000000000e+01 4.834140185266733170e-03
2.950000000000000000e+01 6.356597878038883209e-03
3.000000000000000000e+01 4.282742273062467575e-03
3.050000000000000000e+01 -1.216977718286216259e-03
3.100000000000000000e+01 -7.138879038393497467e-03
3.150000000000000000e+01 -9.151694364845752716e-03
3.200000000000000000e+01 -5.497719161212444305e-03
3.250000000000000000e+01 3.057311405427753925e-04
3.300000000000000000e+01 3.620183095335960388e-03
3.350000000000000000e+01 3.391538746654987335e-03
3.400000000000000000e+01 1.926207216456532478e-03
3.450000000000000000e+01 1.661234884522855282e-03
3.500000000000000000e+01 3.626625984907150269e-03
3.550000000000000000e+01 8.117980323731899261e-03
3.600000000000000000e+01 1.344103552401065826e-02
3.650000000000000000e+01 1.436549425125122070e-02
3.700000000000000000e+01 7.909899577498435974e-03
3.750000000000000000e+01 -1.803458668291568756e-03
3.800000000000000000e+01 -1.069675199687480927e-02
3.850000000000000000e+01 -1.794285140931606293e-02
3.900000000000000000e+01 -1.995131373405456543e-02
3.950000000000000000e+01 -1.429546065628528595e-02
4.000000000000000000e+01 -6.354972720146179199e-03
4.050000000000000000e+01 -1.739941071718931198e-03
4.100000000000000000e+01 -4.133078036829829216e-04
4.150000000000000000e+01 -7.432949496433138847e-04
4.200000000000000000e+01 -2.470181789249181747e-03
4.250000000000000000e+01 -5.296944174915552139e-03
4.300000000000000000e+01 -7.160124368965625763e-03
4.350000000000000000e+01 -6.886656396090984344e-03
4.400000000000000000e+01 -8.399570360779762268e-03
4.450000000000000000e+01 -1.757784001529216766e-02
4.500000000000000000e+01 -3.202370554208755493e-02
4.550000000000000000e+01 -3.893365338444709778e-02
4.600000000000000000e+01 -3.144825994968414307e-02
4.650000000000000000e+01 -1.764271780848503113e-02
4.700000000000000000e+01 -7.149233482778072357e-03
4.750000000000000000e+01 -2.085881074890494347e-03
4.800000000000000000e+01 -4.199516552034765482e-04
4.850000000000000000e+01 -7.036789611447602510e-05
4.900000000000000000e+01 -1.728447386994957924e-04
4.950000000000000000e+01 -1.125398557633161545e-03
5.000000000000000000e+01 -4.562824033200740814e-03
5.050000000000000000e+01 -1.122270710766315460e-02
5.100000000000000000e+01 -1.674221828579902649e-02
5.150000000000000000e+01 -1.514902338385581970e-02
5.200000000000000000e+01 -8.313963189721107483e-03
5.250000000000000000e+01 -2.767483238130807877e-03
5.300000000000000000e+01 -5.587490159086883068e-04
5.350000000000000000e+01 -6.841961294412612915e-05
5.400000000000000000e+01 -5.078036338090896606e-06
5.450000000000000000e+01 -2.328306436538696289e-07
5.500000000000000000e+01 0.000000000000000000e+00
5.550000000000000000e+01 2.095475792884826660e-08
5.600000000000000000e+01 -1.047737896442413330e-08
5.650000000000000000e+01 -2.459273673593997955e-08
5.700000000000000000e+01 -1.091393642127513885e-08
5.750000000000000000e+01 -1.746229827404022217e-09
5.800000000000000000e+01 -2.328306436538696289e-08
5.850000000000000000e+01 -3.492459654808044434e-08
5.900000000000000000e+01 -2.648448571562767029e-08
5.950000000000000000e+01 -1.638909452594816685e-08
6.000000000000000000e+01 7.566995918750762939e-09
6.050000000000000000e+01 2.095475792884826660e-08
6.100000000000000000e+01 -2.328306436538696289e-09
6.150000000000000000e+01 1.047737896442413330e-08
6.200000000000000000e+01 -8.731149137020111084e-09
6.250000000000000000e+01 -8.949427865445613861e-09
6.300000000000000000e+01 -2.968590706586837769e-08
6.350000000000000000e+01 -1.862645149230957031e-08
6.400000000000000000e+01 -3.026798367500305176e-08
6.450000000000000000e+01 -2.619344741106033325e-08
