-5.000000000000000000e+00 -1.979060471057891846e-08
-4.500000000000000000e+00 -1.047737896442413330e-08
-4.000000000000000000e+00 1.280568540096282959e-08
-3.500000000000000000e+00 1.417938619852066040e-06
-3.000000000000000000e+00 3.681168891489505768e-05
-2.500000000000000000e+00 5.762255750596523285e-04
-2.000000000000000000e+00 5.470525939017534256e-03
-1.500000000000000000e+00 3.152649477124214172e-02
-1.000000000000000000e+00 1.103901267051696777e-01
-5.000000000000000000e-01 2.353987693786621094e-01
0.000000000000000000e+00 3.075450658798217773e-01
5.000000000000000000e-01 2.507504820823669434e-01
1.000000000000000000e+00 1.372445821762084961e-01
1.500000000000000000e+00 6.772034615278244019e-02
2.000000000000000000e+00 4.986286535859107971e-02
2.500000000000000000e+00 4.948107898235321045e-02
3.000000000000000000e+00 5.479063838720321655e-02
3.500000000000000000e+00 6.953912973403930664e-02
4.000000000000000000e+00 8.343260735273361206e-02
4.500000000000000000e+00 7.541941106319427490e-02
5.000000000000000000e+00 4.869051277637481689e-02
5.500000000000000000e+00 2.693818882107734680e-02
6.000000000000000000e+00 1.390639133751392365e-02
6.500000000000000000e+00 -3.639757167547941208e-03
7.000000000000000000e+00 -2.582592703402042389e-02
7.500000000000000000e+00 -3.720985725522041321e-02
8.000000000000000000e+00 -2.975945919752120972e-02
8.500000000000000000e+00 -1.447213813662528992e-02
9.000000000000000000e+00 -4.340480547398328781e-03
9.500000000000000000e+00 -8.086019079200923443e-04
1.000000000000000000e+01 -1.111497294914443046e-05
1.050000000000000000e+01 1.439958345144987106e-03
1.100000000000000000e+01 9.123747237026691437e-03
1.150000000000000000e+01 2.972563914954662323e-02
1.200000000000000000e+01 5.447122454643249512e-02
1.250000000000000000e+01 5.754243582487106323e-02
1.300000000000000000e+01 3.301712125539779663e-02
1.350000000000000000e+01 1.289313193410634995e-03
1.400000000000000000e+01 -2.478878572583198547e-02
1.450000000000000000e+01 -4.381415247917175293e-02
1.500000000000000000e+01 -5.354569852352142334e-02
1.550000000000000000e+01 -5.066011846065521240e-02
1.600000000000000000e+01 -3.630992397665977478e-02
1.650000000000000000e+01 -2.116383053362369537e-02
1.700000000000000000e+01 -1.520832162350416183e-02
1.750000000000000000e+01 -1.482643745839595795e-02
1.800000000000000000e+01 -1.067637279629707336e-02
1.850000000000000000e+01 -1.162893371656537056e-03
1.900000000000000000e+01 7.959524169564247131e-03
1.950000000000000000e+01 1.049516629427671432e-02
2.000000000000000000e+01 6.175306160002946854e-03
2.050000000000000000e+01 1.104649971239268780e-03
2.100000000000000000e+01 -6.786820013076066971e-04
2.150000000000000000e+01 -3.275407652836292982e-04
2.200000000000000000e+01 4.134825430810451508e-04
2.250000000000000000e+01 7.895536255091428757e-04
2.300000000000000000e+01 -1.418949104845523834e-04
2.350000000000000000e+01 -2.055151388049125671e-03
2.400000000000000000e+01 -2.390649635344743729e-03
2.450000000000000000e+01 8.408999565290287137e-05
2.500000000000000000e+01 2.143963007256388664e-03
2.550000000000000000e+01 -3.896659472957253456e-03
2.600000000000000000e+01 -2.014910429716110229e-02
2.650000000000000000e+01 -3.215205296874046326e-02
2.700000000000000000e+01 -2.774096652865409851e-02
2.750000000000000000e+01 -1.317470706999301910e-02
2.800000000000000000e+01 3.740033367648720741e-03
2.850000000000000000e+01 1.904714480042457581e-02
2.900000000000000000e+01 2.453756332397460938e-02
2.950000000000000000e+01 1.590611413121223450e-02
3.000000000000000000e+01 -1.070794998668134212e-03
3.050000000000000000e+01 -1.857161894440650940e-02
3.100000000000000000e+01 -2.607393078505992889e-02
3.150000000000000000e+01 -1.449329033493995667e-02
3.200000000000000000e+01 6.584496702998876572e-03
3.250000000000000000e+01 1.752066425979137421e-02
3.300000000000000000e+01 1.377436518669128418e-02
3.350000000000000000e+01 5.813500843942165375e-03
3.400000000000000000e+01 3.299454227089881897e-03
3.450000000000000000e+01 8.598375134170055389e-03
3.500000000000000000e+01 1.671907491981983185e-02
3.550000000000000000e+01 1.896733231842517853e-02
3.600000000000000000e+01 1.251088548451662064e-02
3.650000000000000000e+01 2.316309604793787003e-03
3.700000000000000000e+01 -6.357340607792139053e-03
3.750000000000000000e+01 -1.021783985197544098e-02
3.800000000000000000e+01 -8.061578497290611267e-03
3.850000000000000000e+01 -2.898876555263996124e-03
3.900000000000000000e+01 1.607794780284166336e-03
3.950000000000000000e+01 7.120724767446517944e-03
4.000000000000000000e+01 2.076930925250053406e-02
4.050000000000000000e+01 4.262013360857963562e-02
4.100000000000000000e+01 5.349759757518768311e-02
4.150000000000000000e+01 3.928963094949722290e-02
4.200000000000000000e+01 1.643808372318744659e-02
4.250000000000000000e+01 3.997340332716703415e-03
4.300000000000000000e+01 9.235629113391041756e-04
4.350000000000000000e+01 9.890901856124401093e-04
4.400000000000000000e+01 3.058666829019784927e-03
4.450000000000000000e+01 8.172808215022087097e-03
4.500000000000000000e+01 1.636388711631298065e-02
4.550000000000000000e+01 2.581116929650306702e-02
4.600000000000000000e+01 3.149435296654701233e-02
4.650000000000000000e+01 2.917070314288139343e-02
4.700000000000000000e+01 2.464850246906280518e-02
4.750000000000000000e+01 2.572874538600444794e-02
4.800000000000000000e+01 2.838844433426856995e-02
4.850000000000000000e+01 2.473177015781402588e-02
4.900000000000000000e+01 1.586228795349597931e-02
4.950000000000000000e+01 9.046655148267745972e-03
5.000000000000000000e+01 5.853008478879928589e-03
5.050000000000000000e+01 -1.892261207103729248e-04
5.100000000000000000e+01 -9.835446253418922424e-03
5.150000000000000000e+01 -1.360479742288589478e-02
5.200000000000000000e+01 -8.915979415178298950e-03
5.250000000000000000e+01 -3.239903599023818970e-03
5.300000000000000000e+01 -6.851321086287498474e-04
5.350000000000000000e+01 -8.603092283010482788e-05
5.400000000000000000e+01 -6.479676812887191772e-06
5.450000000000000000e+01 -2.910383045673370361e-07
5.500000000000000000e+01 4.656612873077392578e-09
5.550000000000000000e+01 2.328306436538696289e-08
5.600000000000000000e+01 1.164153218269348145e-08
5.650000000000000000e+01 5.820766091346740723e-09
5.700000000000000000e+01 0.000000000000000000e+00
5.750000000000000000e+01 1.455191522836685181e-09
5.800000000000000000e+01 -1.164153218269348145e-08
5.850000000000000000e+01 -1.629814505577087402e-08
5.900000000000000000e+01 -1.513399183750152588e-08
5.950000000000000000e+01 -1.164153218269348145e-09
6.000000000000000000e+01 1.775333657860755920e-08
6.050000000000000000e+01 3.565219230949878693e-08
6.100000000000000000e+01 2.247361408080905676e-08
6.150000000000000000e+01 1.016815076582133770e-08
6.200000000000000000e+01 5.820766091346740723e-10
6.250000000000000000e+01 2.328306436538696289e-09
6.300000000000000000e+01 -2.328306436538696289e-09
6.350000000000000000e+01 -1.396983861923217773e-08
6.400000000000000000e+01 -3.259629011154174805e-08
6.450000000000000000e+01 6.402842700481414795e-09
