-5.000000000000000000e+00 -3.608874976634979248e-08
-4.500000000000000000e+00 -1.513399183750152588e-08
-4.000000000000000000e+00 4.656612873077392578e-09
-3.500000000000000000e+00 9.522773325443267822e-07
-3.000000000000000000e+00 2.533546648919582367e-05
-2.500000000000000000e+00 4.262644506525248289e-04
-2.000000000000000000e+00 4.352957941591739655e-03
-1.500000000000000000e+00 2.688774839043617249e-02
-1.000000000000000000e+00 1.001244038343429565e-01
-5.000000000000000000e-01 2.235598862171173096e-01
0.000000000000000000e+00 2.968975305557250977e-01
5.000000000000000000e-01 2.335920184850692749e-01
1.000000000000000000e+00 1.164612844586372375e-01
1.500000000000000000e+00 5.842372402548789978e-02
2.000000000000000000e+00 5.480372160673141479e-02
2.500000000000000000e+00 6.426803022623062134e-02
3.000000000000000000e+00 6.867320090532302856e-02
3.500000000000000000e+00 6.185934692621231079e-02
4.000000000000000000e+00 5.289992317557334900e-02
4.500000000000000000e+00 4.723194986581802368e-02
5.000000000000000000e+00 3.426989167928695679e-02
5.500000000000000000e+00 1.179535873234272003e-02
6.000000000000000000e+00 -8.941948413848876953e-03
6.500000000000000000e+00 -1.798367314040660858e-02
7.000000000000000000e+00 -1.354598067700862885e-02
7.500000000000000000e+00 -4.644776228815317154e-03
8.000000000000000000e+00 -6.630728952586650848e-03
8.500000000000000000e+00 -2.932858094573020935e-02
9.000000000000000000e+00 -6.231558322906494141e-02
9.500000000000000000e+00 -7.701200246810913086e-02
1.000000000000000000e+01 -5.994657054543495178e-02
1.050000000000000000e+01 -2.739293873310089111e-02
1.100000000000000000e+01 2.960676793009042740e-03
1.150000000000000000e+01 2.652964554727077484e-02
1.200000000000000000e+01 3.733534365892410278e-02
1.250000000000000000e+01 3.004587255418300629e-02
1.300000000000000000e+01 1.323878765106201172e-02
1.350000000000000000e+01 -4.573375917971134186e-03
1.400000000000000000e+01 -3.196274861693382263e-02
1.450000000000000000e+01 -7.951951026916503906e-02
1.500000000000000000e+01 -1.252649426460266113e-01
1.550000000000000000e+01 -1.238880679011344910e-01
1.600000000000000000e+01 -7.497788965702056885e-02
1.650000000000000000e+01 -2.629949711263179779e-02
1.700000000000000000e+01 -8.292967453598976135e-03
1.750000000000000000e+01 -2.143416181206703186e-02
1.800000000000000000e+01 -4.969422146677970886e-02
1.850000000000000000e+01 -6.360762566328048706e-02
1.900000000000000000e+01 -4.747786000370979309e-02
1.950000000000000000e+01 -1.658478751778602600e-02
2.000000000000000000e+01 5.790340248495340347e-03
2.050000000000000000e+01 8.800453506410121918e-03
2.100000000000000000e+01 -3.595871385186910629e-03
2.150000000000000000e+01 -1.699935644865036011e-02
2.200000000000000000e+01 -1.853986084461212158e-02
2.250000000000000000e+01 -9.776591323316097260e-03
2.300000000000000000e+01 -3.261405741795897484e-03
2.350000000000000000e+01 -6.333468481898307800e-03
2.400000000000000000e+01 -1.403665170073509216e-02
2.450000000000000000e+01 -1.520536467432975769e-02
2.500000000000000000e+01 -4.390954971313476562e-03
2.550000000000000000e+01 1.233477890491485596e-02
2.600000000000000000e+01 2.277703955769538879e-02
2.650000000000000000e+01 1.989870890974998474e-02
2.700000000000000000e+01 8.931729942560195923e-03
2.750000000000000000e+01 -3.537322627380490303e-03
2.800000000000000000e+01 -1.882989332079887390e-02
2.850000000000000000e+01 -3.379241004586219788e-02
2.900000000000000000e+01 -3.490957617759704590e-02
2.950000000000000000e+01 -1.841082051396369934e-02
3.000000000000000000e+01 1.422033179551362991e-03
3.050000000000000000e+01 1.006200537085533142e-02
3.100000000000000000e+01 4.282169044017791748e-03
3.150000000000000000e+01 -8.595417253673076630e-03
3.200000000000000000e+01 -1.338301692157983780e-02
3.250000000000000000e+01 5.285406950861215591e-03
3.300000000000000000e+01 4.266998171806335449e-02
3.350000000000000000e+01 6.835628300905227661e-02
3.400000000000000000e+01 6.157942116260528564e-02
3.450000000000000000e+01 3.542476892471313477e-02
3.500000000000000000e+01 1.215543970465660095e-02
3.550000000000000000e+01 -1.406468509230762720e-04
3.600000000000000000e+01 -5.307160317897796631e-03
3.650000000000000000e+01 -1.052417792379856110e-02
3.700000000000000000e+01 -1.751469634473323822e-02
3.750000000000000000e+01 -1.955766044557094574e-02
3.800000000000000000e+01 -1.187413930892944336e-02
3.850000000000000000e+01 2.457310911267995834e-03
3.900000000000000000e+01 1.845924556255340576e-02
3.950000000000000000e+01 2.818972803652286530e-02
4.000000000000000000e+01 2.403884939849376678e-02
4.050000000000000000e+01 1.059310603886842728e-02
4.100000000000000000e+01 -2.294565085321664810e-03
4.150000000000000000e+01 -1.074302848428487778e-02
4.200000000000000000e+01 -1.352124474942684174e-02
4.250000000000000000e+01 -1.059817243367433548e-02
4.300000000000000000e+01 -4.526198841631412506e-03
4.350000000000000000e+01 2.511088270694017410e-03
4.400000000000000000e+01 9.334489703178405762e-03
4.450000000000000000e+01 1.245172601193189621e-02
4.500000000000000000e+01 8.688310161232948303e-03
4.550000000000000000e+01 2.623111475259065628e-03
4.600000000000000000e+01 4.492401145398616791e-03
4.650000000000000000e+01 1.637107692658901215e-02
4.700000000000000000e+01 2.550363354384899139e-02
4.750000000000000000e+01 2.201333642005920410e-02
4.800000000000000000e+01 1.193703338503837585e-02
4.850000000000000000e+01 3.698182059451937675e-03
4.900000000000000000e+01 -1.282902783714234829e-03
4.950000000000000000e+01 -3.637193003669381142e-03
5.000000000000000000e+01 -2.866042777895927429e-03
5.050000000000000000e+01 3.235135227441787720e-04
5.100000000000000000e+01 3.087576478719711304e-03
5.150000000000000000e+01 3.347396850585937500e-03
5.200000000000000000e+01 1.908401027321815491e-03
5.250000000000000000e+01 6.408337503671646118e-04
5.300000000000000000e+01 1.296517439186573029e-04
5.350000000000000000e+01 1.589069142937660217e-05
5.400000000000000000e+01 1.166481524705886841e-06
5.450000000000000000e+01 3.958120942115783691e-08
5.500000000000000000e+01 0.000000000000000000e+00
5.550000000000000000e+01 6.984919309616088867e-09
5.600000000000000000e+01 4.656612873077392578e-09
5.650000000000000000e+01 4.656612873077392578e-09
5.700000000000000000e+01 4.729372449219226837e-09
5.750000000000000000e+01 2.735760062932968140e-08
5.800000000000000000e+01 -9.895302355289459229e-09
5.850000000000000000e+01 -1.775333657860755920e-08
5.900000000000000000e+01 -3.114109858870506287e-08
5.950000000000000000e+01 -1.746229827404022217e-09
6.000000000000000000e+01 2.793967723846435547e-08
6.050000000000000000e+01 2.328306436538696289e-08
6.100000000000000000e+01 -1.396983861923217773e-08
6.150000000000000000e+01 -2.095475792884826660e-08
6.200000000000000000e+01 -2.299202606081962585e-08
6.250000000000000000e+01 -8.149072527885437012e-09
6.300000000000000000e+01 -1.396983861923217773e-08
6.350000000000000000e+01 -1.164153218269348145e-08
6.400000000000000000e+01 -1.746229827404022217e-08
6.450000000000000000e+01 -1.207808963954448700e-08
