-5.000000000000000000e+00 -1.920852810144424438e-08
-4.500000000000000000e+00 3.492459654808044434e-09
-4.000000000000000000e+00 3.255991032347083092e-08
-3.500000000000000000e+00 1.685912138782441616e-06
-3.000000000000000000e+00 4.277106199879199266e-05
-2.500000000000000000e+00 6.687206914648413658e-04
-2.000000000000000000e+00 6.344081833958625793e-03
-1.500000000000000000e+00 3.650400415062904358e-02
-1.000000000000000000e+00 1.273741573095321655e-01
-5.000000000000000000e-01 2.694350779056549072e-01
0.000000000000000000e+00 3.452094197273254395e-01
5.000000000000000000e-01 2.672760486602783203e-01
1.000000000000000000e+00 1.244160532951354980e-01
1.500000000000000000e+00 3.527428582310676575e-02
2.000000000000000000e+00 1.013018377125263214e-02
2.500000000000000000e+00 1.462564989924430847e-02
3.000000000000000000e+00 3.306168317794799805e-02
3.500000000000000000e+00 6.025605648756027222e-02
4.000000000000000000e+00 7.914501428604125977e-02
4.500000000000000000e+00 6.931816041469573975e-02
5.000000000000000000e+00 3.464372456073760986e-02
5.500000000000000000e+00 -3.603022079914808273e-03
6.000000000000000000e+00 -2.813857048749923706e-02
6.500000000000000000e+00 -3.203203529119491577e-02
7.000000000000000000e+00 -2.559810504317283630e-02
7.500000000000000000e+00 -2.515347301959991455e-02
8.000000000000000000e+00 -2.860915660858154297e-02
8.500000000000000000e+00 -2.507298253476619720e-02
9.000000000000000000e+00 -1.671699061989784241e-02
9.500000000000000000e+00 -9.970529936254024506e-03
1.000000000000000000e+01 -5.508656613528728485e-03
1.050000000000000000e+01 -2.363351639360189438e-03
1.100000000000000000e+01 2.667840803042054176e-03
1.150000000000000000e+01 1.463864464312791824e-02
1.200000000000000000e+01 3.048569895327091217e-02
1.250000000000000000e+01 3.575192391872406006e-02
1.300000000000000000e+01 2.313900552690029144e-02
1.350000000000000000e+01 6.244351970963180065e-04
1.400000000000000000e+01 -2.790195867419242859e-02
1.450000000000000000e+01 -6.345531344413757324e-02
1.500000000000000000e+01 -8.986964821815490723e-02
1.550000000000000000e+01 -8.375026285648345947e-02
1.600000000000000000e+01 -5.052492767572402954e-02
1.650000000000000000e+01 -1.902669481933116913e-02
1.700000000000000000e+01 -7.478998973965644836e-03
1.750000000000000000e+01 -1.572371274232864380e-02
1.800000000000000000e+01 -3.111775964498519897e-02
1.850000000000000000e+01 -3.507430851459503174e-02
1.900000000000000000e+01 -2.295604906976222992e-02
1.950000000000000000e+01 -9.439866058528423309e-03
2.000000000000000000e+01 -7.189456373453140259e-03
2.050000000000000000e+01 -1.518307160586118698e-02
2.100000000000000000e+01 -2.338605374097824097e-02
2.150000000000000000e+01 -2.408785372972488403e-02
2.200000000000000000e+01 -1.952958293259143829e-02
2.250000000000000000e+01 -1.357607636600732803e-02
2.300000000000000000e+01 -7.150127086788415909e-03
2.350000000000000000e+01 -2.714715665206313133e-03
2.400000000000000000e+01 -2.544268500059843063e-03
2.450000000000000000e+01 -7.259901612997055054e-03
2.500000000000000000e+01 -1.480866968631744385e-02
2.550000000000000000e+01 -1.756633631885051727e-02
2.600000000000000000e+01 -8.820559829473495483e-03
2.650000000000000000e+01 8.856721222400665283e-03
2.700000000000000000e+01 2.990359254181385040e-02
2.750000000000000000e+01 5.208472907543182373e-02
2.800000000000000000e+01 6.655182689428329468e-02
2.850000000000000000e+01 5.853430181741714478e-02
2.900000000000000000e+01 3.301244601607322693e-02
2.950000000000000000e+01 1.130874082446098328e-02
3.000000000000000000e+01 1.515825279057025909e-03
3.050000000000000000e+01 -1.769412774592638016e-03
3.100000000000000000e+01 -2.606135327368974686e-03
3.150000000000000000e+01 -1.500987680628895760e-03
3.200000000000000000e+01 6.341799162328243256e-04
3.250000000000000000e+01 1.971757505089044571e-03
3.300000000000000000e+01 1.831500325351953506e-03
3.350000000000000000e+01 1.414654660038650036e-03
3.400000000000000000e+01 2.468102611601352692e-03
3.450000000000000000e+01 5.649682134389877319e-03
3.500000000000000000e+01 9.081039577722549438e-03
3.550000000000000000e+01 9.016663767397403717e-03
3.600000000000000000e+01 4.725151695311069489e-03
3.650000000000000000e+01 1.134606543928384781e-03
3.700000000000000000e+01 4.068000242114067078e-03
3.750000000000000000e+01 1.428413018584251404e-02
3.800000000000000000e+01 2.423686534166336060e-02
3.850000000000000000e+01 2.144815400242805481e-02
3.900000000000000000e+01 9.388464968651533127e-04
3.950000000000000000e+01 -2.745393663644790649e-02
4.000000000000000000e+01 -4.455019533634185791e-02
4.050000000000000000e+01 -3.998653590679168701e-02
4.100000000000000000e+01 -2.406620234251022339e-02
4.150000000000000000e+01 -1.015019137412309647e-02
4.200000000000000000e+01 -9.044067701324820518e-05
4.250000000000000000e+01 8.021254092454910278e-03
4.300000000000000000e+01 1.186408288776874542e-02
4.350000000000000000e+01 7.869200780987739563e-03
4.400000000000000000e+01 -2.524373354390263557e-03
4.450000000000000000e+01 -1.410150155425071716e-02
4.500000000000000000e+01 -2.093641459941864014e-02
4.550000000000000000e+01 -1.908864080905914307e-02
4.600000000000000000e+01 -1.130107045173645020e-02
4.650000000000000000e+01 -4.285059869289398193e-03
4.700000000000000000e+01 -8.698532474227249622e-04
4.750000000000000000e+01 5.245782085694372654e-04
4.800000000000000000e+01 1.448193099349737167e-03
4.850000000000000000e+01 8.274631691165268421e-04
4.900000000000000000e+01 -4.378999117761850357e-03
4.950000000000000000e+01 -1.391150150448083878e-02
5.000000000000000000e+01 -1.885944604873657227e-02
5.050000000000000000e+01 -1.044188626110553741e-02
5.100000000000000000e+01 4.084222018718719482e-03
5.150000000000000000e+01 1.021941192448139191e-02
5.200000000000000000e+01 6.940672174096107483e-03
5.250000000000000000e+01 2.478456590324640274e-03
5.300000000000000000e+01 5.135155515745282173e-04
5.350000000000000000e+01 6.350921466946601868e-05
5.400000000000000000e+01 4.726462066173553467e-06
5.450000000000000000e+01 2.095475792884826660e-07
5.500000000000000000e+01 2.328306436538696289e-08
5.550000000000000000e+01 2.328306436538696289e-08
5.600000000000000000e+01 1.629814505577087402e-08
5.650000000000000000e+01 -7.566995918750762939e-09
5.700000000000000000e+01 -8.149072527885437012e-09
5.750000000000000000e+01 -1.164153218269348145e-09
5.800000000000000000e+01 -2.793967723846435547e-08
5.850000000000000000e+01 -3.841705620288848877e-08
5.900000000000000000e+01 -3.259629011154174805e-08
5.950000000000000000e+01 -1.746229827404022217e-08
6.000000000000000000e+01 1.047737896442413330e-08
6.050000000000000000e+01 2.153683453798294067e-08
6.100000000000000000e+01 1.193257048726081848e-08
6.150000000000000000e+01 9.895302355289459229e-09
6.200000000000000000e+01 -1.211446942761540413e-08
6.250000000000000000e+01 6.984919309616088867e-09
6.300000000000000000e+01 -5.820766091346740723e-09
6.350000000000000000e+01 -1.629814505577087402e-08
6.400000000000000000e+01 -3.608874976634979248e-08
6.450000000000000000e+01 7.566995918750762939e-09
