-5.000000000000000000e+00 -1.571606844663619995e-08
-4.500000000000000000e+00 -5.238689482212066650e-09
-4.000000000000000000e+00 -1.280568540096282959e-08
-3.500000000000000000e+00 4.281901055946946144e-07
-3.000000000000000000e+00 1.289794454351067543e-05
-2.500000000000000000e+00 2.415815833956003189e-04
-2.000000000000000000e+00 2.776444889605045319e-03
-1.500000000000000000e+00 1.955387927591800690e-02
-1.000000000000000000e+00 8.421588689088821411e-02
-5.000000000000000000e-01 2.212615311145782471e-01
0.000000000000000000e+00 3.530224859714508057e-01
5.000000000000000000e-01 3.377828001976013184e-01
1.000000000000000000e+00 1.848239451646804810e-01
1.500000000000000000e+00 4.537224397063255310e-02
2.000000000000000000e+00 -4.918263293802738190e-04
2.500000000000000000e+00 2.416666783392429352e-02
3.000000000000000000e+00 6.854842603206634521e-02
3.500000000000000000e+00 8.427643030881881714e-02
4.000000000000000000e+00 6.055247783660888672e-02
4.500000000000000000e+00 3.119650855660438538e-02
5.000000000000000000e+00 1.824093610048294067e-02
5.500000000000000000e+00 1.235484890639781952e-02
6.000000000000000000e+00 2.113843336701393127e-03
6.500000000000000000e+00 -1.593372412025928497e-02
7.000000000000000000e+00 -3.835173696279525757e-02
7.500000000000000000e+00 -4.935291036963462830e-02
8.000000000000000000e+00 -3.697666898369789124e-02
8.500000000000000000e+00 -1.243435870856046677e-02
9.000000000000000000e+00 6.289814598858356476e-03
9.500000000000000000e+00 1.150108687579631805e-02
1.000000000000000000e+01 4.074333235621452332e-03
1.050000000000000000e+01 -5.850682500749826431e-03
1.100000000000000000e+01 6.227386766113340855e-04
1.150000000000000000e+01 3.375038132071495056e-02
1.200000000000000000e+01 6.994808465242385864e-02
1.250000000000000000e+01 7.212622463703155518e-02
1.300000000000000000e+01 4.263406991958618164e-02
1.350000000000000000e+01 9.396276436746120453e-03
1.400000000000000000e+01 -2.112080343067646027e-02
1.450000000000000000e+01 -5.240710824728012085e-02
1.500000000000000000e+01 -7.045940309762954712e-02
1.550000000000000000e+01 -6.317642331123352051e-02
1.600000000000000000e+01 -4.157882183790206909e-02
1.650000000000000000e+01 -2.099114470183849335e-02
1.700000000000000000e+01 -7.203141227364540100e-03
1.750000000000000000e+01 6.226542609510943294e-05
1.800000000000000000e+01 2.999410498887300491e-03
1.850000000000000000e+01 2.267204457893967628e-03
1.900000000000000000e+01 -2.731399610638618469e-03
1.950000000000000000e+01 -1.091524772346019745e-02
2.000000000000000000e+01 -1.660434156656265259e-02
2.050000000000000000e+01 -1.300116162747144699e-02
2.100000000000000000e+01 -5.586087936535477638e-04
2.150000000000000000e+01 1.388858258724212646e-02
2.200000000000000000e+01 2.196960151195526123e-02
2.250000000000000000e+01 1.838723011314868927e-02
2.300000000000000000e+01 6.932344287633895874e-03
2.350000000000000000e+01 -3.940172493457794189e-03
2.400000000000000000e+01 -8.792314678430557251e-03
2.450000000000000000e+01 -6.789020262658596039e-03
2.500000000000000000e+01 -1.769252819940447807e-03
2.550000000000000000e+01 2.289590891450643539e-03
2.600000000000000000e+01 6.279232911765575409e-03
2.650000000000000000e+01 1.258931308984756470e-02
2.700000000000000000e+01 1.843327283859252930e-02
2.750000000000000000e+01 1.791836507618427277e-02
2.800000000000000000e+01 1.100556924939155579e-02
2.850000000000000000e+01 3.425684990361332893e-03
2.900000000000000000e+01 -1.235356321558356285e-03
2.950000000000000000e+01 -2.446823986247181892e-03
3.000000000000000000e+01 5.761651555076241493e-04
3.050000000000000000e+01 7.864733226597309113e-03
3.100000000000000000e+01 1.433631405234336853e-02
3.150000000000000000e+01 9.873295202851295471e-03
3.200000000000000000e+01 -8.215782232582569122e-03
3.250000000000000000e+01 -2.640294656157493591e-02
3.300000000000000000e+01 -2.949467860162258148e-02
3.350000000000000000e+01 -1.781938783824443817e-02
3.400000000000000000e+01 -9.546579094603657722e-04
3.450000000000000000e+01 1.355191878974437714e-02
3.500000000000000000e+01 1.845064572989940643e-02
3.550000000000000000e+01 7.852753624320030212e-03
3.600000000000000000e+01 -1.766008138656616211e-02
3.650000000000000000e+01 -4.852686077356338501e-02
3.700000000000000000e+01 -6.382657587528228760e-02
3.750000000000000000e+01 -5.129073560237884521e-02
3.800000000000000000e+01 -2.670079842209815979e-02
3.850000000000000000e+01 -9.845695458352565765e-03
3.900000000000000000e+01 -2.609129529446363449e-03
3.950000000000000000e+01 8.233971311710774899e-04
4.000000000000000000e+01 1.957597909495234489e-03
4.050000000000000000e+01 -2.976584248244762421e-03
4.100000000000000000e+01 -1.989997923374176025e-02
4.150000000000000000e+01 -4.772047698497772217e-02
4.200000000000000000e+01 -6.762130558490753174e-02
4.250000000000000000e+01 -6.046075373888015747e-02
4.300000000000000000e+01 -3.491440787911415100e-02
4.350000000000000000e+01 -1.327910274267196655e-02
4.400000000000000000e+01 -3.947047982364892960e-03
4.450000000000000000e+01 -3.710683668032288551e-03
4.500000000000000000e+01 -9.392882697284221649e-03
4.550000000000000000e+01 -1.719712466001510620e-02
4.600000000000000000e+01 -2.018694020807743073e-02
4.650000000000000000e+01 -1.549182273447513580e-02
4.700000000000000000e+01 -8.270042017102241516e-03
4.750000000000000000e+01 -3.260400146245956421e-03
4.800000000000000000e+01 3.398668253794312477e-03
4.850000000000000000e+01 1.903672516345977783e-02
4.900000000000000000e+01 3.660802170634269714e-02
4.950000000000000000e+01 3.691004216670989990e-02
5.000000000000000000e+01 1.540004462003707886e-02
5.050000000000000000e+01 -1.562713645398616791e-02
5.100000000000000000e+01 -3.805815428495407104e-02
5.150000000000000000e+01 -3.751166164875030518e-02
5.200000000000000000e+01 -2.107016742229461670e-02
5.250000000000000000e+01 -7.066489197313785553e-03
5.300000000000000000e+01 -1.430445117875933647e-03
5.350000000000000000e+01 -1.753299147821962833e-04
5.400000000000000000e+01 -1.304782927036285400e-05
5.450000000000000000e+01 -5.960464477539062500e-07
5.500000000000000000e+01 -2.328306436538696289e-08
5.550000000000000000e+01 1.629814505577087402e-08
5.600000000000000000e+01 3.492459654808044434e-09
5.650000000000000000e+01 -4.074536263942718506e-09
5.700000000000000000e+01 -2.037268131971359253e-09
5.750000000000000000e+01 -9.022187441587448120e-09
5.800000000000000000e+01 -1.164153218269348145e-08
5.850000000000000000e+01 -1.629814505577087402e-08
5.900000000000000000e+01 -5.587935447692871094e-08
5.950000000000000000e+01 -4.773028194904327393e-08
6.000000000000000000e+01 -1.779881131369620562e-08
6.050000000000000000e+01 1.629814505577087402e-08
6.100000000000000000e+01 1.688022166490554810e-08
6.150000000000000000e+01 7.421476766467094421e-09
6.200000000000000000e+01 -1.658918336033821106e-08
6.250000000000000000e+01 -1.629814505577087402e-08
6.300000000000000000e+01 -3.026798367500305176e-08
6.350000000000000000e+01 -4.190951585769653320e-08
6.400000000000000000e+01 -2.793967723846435547e-08
6.450000000000000000e+01 -1.746229827404022217e-08
