-5.000000000000000000e+00 -1.629814505577087402e-08
-4.500000000000000000e+00 -4.656612873077392578e-09
-4.000000000000000000e+00 3.681634552776813507e-08
-3.500000000000000000e+00 1.867883838713169098e-06
-3.000000000000000000e+00 4.763423930853605270e-05
-2.500000000000000000e+00 7.443421636708080769e-04
-2.000000000000000000e+00 7.049156352877616882e-03
-1.500000000000000000e+00 4.041685909032821655e-02
-1.000000000000000000e+00 1.399983763694763184e-01
-5.000000000000000000e-01 2.915597259998321533e-01
0.000000000000000000e+00 3.605338931083679199e-01
5.000000000000000000e-01 2.546178400516510010e-01
1.000000000000000000e+00 8.695683628320693970e-02
1.500000000000000000e+00 -2.372001530602574348e-03
2.000000000000000000e+00 -7.788617163896560669e-03
2.500000000000000000e+00 2.449380420148372650e-02
3.000000000000000000e+00 7.123154401779174805e-02
3.500000000000000000e+00 1.054876893758773804e-01
4.000000000000000000e+00 9.359724819660186768e-02
4.500000000000000000e+00 4.352221637964248657e-02
5.000000000000000000e+00 -5.348265171051025391e-03
5.500000000000000000e+00 -2.732513472437858582e-02
6.000000000000000000e+00 -1.914661005139350891e-02
6.500000000000000000e+00 3.609880339354276657e-03
7.000000000000000000e+00 1.801737397909164429e-02
7.500000000000000000e+00 1.230931840837001801e-02
8.000000000000000000e+00 -9.609766304492950439e-03
8.500000000000000000e+00 -3.507465496659278870e-02
9.000000000000000000e+00 -4.652427509427070618e-02
9.500000000000000000e+00 -3.526726737618446350e-02
1.000000000000000000e+01 -1.206927467137575150e-02
1.050000000000000000e+01 1.231048814952373505e-02
1.100000000000000000e+01 3.717365860939025879e-02
1.150000000000000000e+01 5.333947017788887024e-02
1.200000000000000000e+01 4.227848723530769348e-02
1.250000000000000000e+01 7.066294550895690918e-03
1.300000000000000000e+01 -2.191851660609245300e-02
1.350000000000000000e+01 -2.699202112853527069e-02
1.400000000000000000e+01 -2.445570193231105804e-02
1.450000000000000000e+01 -3.396908566355705261e-02
1.500000000000000000e+01 -4.709426313638687134e-02
1.550000000000000000e+01 -4.609886184334754944e-02
1.600000000000000000e+01 -3.524366021156311035e-02
1.650000000000000000e+01 -2.715899050235748291e-02
1.700000000000000000e+01 -2.224780432879924774e-02
1.750000000000000000e+01 -1.501803658902645111e-02
1.800000000000000000e+01 -3.514437004923820496e-03
1.850000000000000000e+01 1.163422316312789917e-02
1.900000000000000000e+01 2.555138617753982544e-02
1.950000000000000000e+01 2.377881668508052826e-02
2.000000000000000000e+01 -2.768059493973851204e-03
2.050000000000000000e+01 -3.769988566637039185e-02
2.100000000000000000e+01 -5.012882873415946960e-02
2.150000000000000000e+01 -2.619765326380729675e-02
2.200000000000000000e+01 2.013575285673141479e-02
2.250000000000000000e+01 6.081820279359817505e-02
2.300000000000000000e+01 6.758481264114379883e-02
2.350000000000000000e+01 3.531505167484283447e-02
2.400000000000000000e+01 -1.175624132156372070e-02
2.450000000000000000e+01 -4.383908957242965698e-02
2.500000000000000000e+01 -4.198176413774490356e-02
2.550000000000000000e+01 -1.150531508028507233e-02
2.600000000000000000e+01 2.088815905153751373e-02
2.650000000000000000e+01 3.659803792834281921e-02
2.700000000000000000e+01 3.923619166016578674e-02
2.750000000000000000e+01 3.419510647654533386e-02
2.800000000000000000e+01 2.062568441033363342e-02
2.850000000000000000e+01 9.619968011975288391e-03
2.900000000000000000e+01 1.125511713325977325e-02
2.950000000000000000e+01 1.543178316205739975e-02
3.000000000000000000e+01 1.015196368098258972e-02
3.050000000000000000e+01 -2.603134140372276306e-03
3.100000000000000000e+01 -1.401320565491914749e-02
3.150000000000000000e+01 -1.773896068334579468e-02
3.200000000000000000e+01 -1.376867759972810745e-02
3.250000000000000000e+01 -7.184760645031929016e-03
3.300000000000000000e+01 -2.529703546315431595e-03
3.350000000000000000e+01 -6.102814222685992718e-04
3.400000000000000000e+01 -3.105113282799720764e-04
3.450000000000000000e+01 -1.217734068632125854e-03
3.500000000000000000e+01 -3.342007985338568687e-03
3.550000000000000000e+01 -2.756720408797264099e-03
3.600000000000000000e+01 7.890217006206512451e-03
3.650000000000000000e+01 2.449523657560348511e-02
3.700000000000000000e+01 3.229948878288269043e-02
3.750000000000000000e+01 2.774655073881149292e-02
3.800000000000000000e+01 1.211054064333438873e-02
3.850000000000000000e+01 -1.414075959473848343e-02
3.900000000000000000e+01 -3.587271273136138916e-02
3.950000000000000000e+01 -3.759490326046943665e-02
4.000000000000000000e+01 -2.268867567181587219e-02
4.050000000000000000e+01 -2.878850325942039490e-03
4.100000000000000000e+01 1.261969842016696930e-02
4.150000000000000000e+01 1.684808358550071716e-02
4.200000000000000000e+01 7.528534624725580215e-03
4.250000000000000000e+01 -1.186856813728809357e-02
4.300000000000000000e+01 -3.336977213621139526e-02
4.350000000000000000e+01 -4.215089604258537292e-02
4.400000000000000000e+01 -3.061877749860286713e-02
4.450000000000000000e+01 -9.479288943111896515e-03
4.500000000000000000e+01 1.241525821387767792e-02
4.550000000000000000e+01 3.399240225553512573e-02
4.600000000000000000e+01 4.460028558969497681e-02
4.650000000000000000e+01 3.388126567006111145e-02
4.700000000000000000e+01 1.191192120313644409e-02
4.750000000000000000e+01 -4.657278303056955338e-03
4.800000000000000000e+01 -9.112059138715267181e-03
4.850000000000000000e+01 -3.167295362800359726e-03
4.900000000000000000e+01 6.770989857614040375e-03
4.950000000000000000e+01 1.560956984758377075e-02
5.000000000000000000e+01 2.333022654056549072e-02
5.050000000000000000e+01 2.864370122551918030e-02
5.100000000000000000e+01 2.563405781984329224e-02
5.150000000000000000e+01 1.497012563049793243e-02
5.200000000000000000e+01 5.437750369310379028e-03
5.250000000000000000e+01 1.208125613629817963e-03
5.300000000000000000e+01 1.632591011002659798e-04
5.350000000000000000e+01 1.339416485279798508e-05
5.400000000000000000e+01 6.658956408500671387e-07
5.450000000000000000e+01 4.656612873077392578e-08
5.500000000000000000e+01 3.259629011154174805e-08
5.550000000000000000e+01 3.259629011154174805e-08
5.600000000000000000e+01 5.820766091346740723e-10
5.650000000000000000e+01 -3.725290298461914062e-08
5.700000000000000000e+01 -2.211891114711761475e-08
5.750000000000000000e+01 7.566995918750762939e-09
5.800000000000000000e+01 5.820766091346740723e-09
5.850000000000000000e+01 1.746229827404022217e-09
5.900000000000000000e+01 -4.583853296935558319e-09
5.950000000000000000e+01 5.820766091346740723e-09
6.000000000000000000e+01 1.164153218269348145e-08
6.050000000000000000e+01 6.984919309616088867e-09
6.100000000000000000e+01 -2.095475792884826660e-08
6.150000000000000000e+01 -6.257323548197746277e-09
6.200000000000000000e+01 -1.396983861923217773e-08
6.250000000000000000e+01 1.629814505577087402e-08
6.300000000000000000e+01 2.793967723846435547e-08
6.350000000000000000e+01 3.492459654808044434e-09
6.400000000000000000e+01 -3.841705620288848877e-08
6.450000000000000000e+01 -3.259629011154174805e-08
