-5.000000000000000000e+00 -4.802132025361061096e-09
-4.500000000000000000e+00 5.529727786779403687e-09
-4.000000000000000000e+00 1.455191522836685181e-08
-3.500000000000000000e+00 1.278385752812027931e-06
-3.000000000000000000e+00 3.453565659583546221e-05
-2.500000000000000000e+00 5.622665630653500557e-04
-2.000000000000000000e+00 5.551900248974561691e-03
-1.500000000000000000e+00 3.325157240033149719e-02
-1.000000000000000000e+00 1.207120865583419800e-01
-5.000000000000000000e-01 2.651485502719879150e-01
0.000000000000000000e+00 3.504307866096496582e-01
5.000000000000000000e-01 2.730777263641357422e-01
1.000000000000000000e+00 1.146105974912643433e-01
1.500000000000000000e+00 1.170257199555635452e-02
2.000000000000000000e+00 -1.058477722108364105e-02
2.500000000000000000e+00 1.024081557989120483e-02
3.000000000000000000e+00 4.621496424078941345e-02
3.500000000000000000e+00 7.302948087453842163e-02
4.000000000000000000e+00 6.806536763906478882e-02
4.500000000000000000e+00 3.918413072824478149e-02
5.000000000000000000e+00 1.413757912814617157e-02
5.500000000000000000e+00 3.829263383522629738e-03
6.000000000000000000e+00 1.208071946166455746e-03
6.500000000000000000e+00 -5.839193239808082581e-03
7.000000000000000000e+00 -2.691767178475856781e-02
7.500000000000000000e+00 -5.023956298828125000e-02
8.000000000000000000e+00 -4.752303659915924072e-02
8.500000000000000000e+00 -2.088721469044685364e-02
9.000000000000000000e+00 -5.471037584356963634e-04
9.500000000000000000e+00 3.503279760479927063e-03
1.000000000000000000e+01 1.713875681161880493e-03
1.050000000000000000e+01 1.334473257884383202e-03
1.100000000000000000e+01 4.847466479986906052e-03
1.150000000000000000e+01 1.453426666557788849e-02
1.200000000000000000e+01 2.719482779502868652e-02
1.250000000000000000e+01 2.906611561775207520e-02
1.300000000000000000e+01 9.257009252905845642e-03
1.350000000000000000e+01 -2.093661762773990631e-02
1.400000000000000000e+01 -3.976484760642051697e-02
1.450000000000000000e+01 -4.781069234013557434e-02
1.500000000000000000e+01 -6.310312449932098389e-02
1.550000000000000000e+01 -7.998830080032348633e-02
1.600000000000000000e+01 -6.840611249208450317e-02
1.650000000000000000e+01 -2.876718528568744659e-02
1.700000000000000000e+01 2.809525001794099808e-03
1.750000000000000000e+01 9.702312760055065155e-03
1.800000000000000000e+01 3.500150050967931747e-03
1.850000000000000000e+01 -6.247453857213258743e-03
1.900000000000000000e+01 -1.904623769223690033e-02
1.950000000000000000e+01 -3.044308349490165710e-02
2.000000000000000000e+01 -3.061934188008308411e-02
2.050000000000000000e+01 -1.934229210019111633e-02
2.100000000000000000e+01 -7.121074013411998749e-03
2.150000000000000000e+01 1.500068319728597999e-04
2.200000000000000000e+01 3.718255320563912392e-03
2.250000000000000000e+01 3.761325962841510773e-03
2.300000000000000000e+01 -1.940060290507972240e-03
2.350000000000000000e+01 -1.351041160523891449e-02
2.400000000000000000e+01 -2.467816695570945740e-02
2.450000000000000000e+01 -2.569493092596530914e-02
2.500000000000000000e+01 -1.582306437194347382e-02
2.550000000000000000e+01 -3.400099929422140121e-03
2.600000000000000000e+01 7.772257085889577866e-03
2.650000000000000000e+01 1.871307380497455597e-02
2.700000000000000000e+01 2.914165705442428589e-02
2.750000000000000000e+01 3.933526575565338135e-02
2.800000000000000000e+01 4.501103609800338745e-02
2.850000000000000000e+01 3.785801306366920471e-02
2.900000000000000000e+01 2.365516126155853271e-02
2.950000000000000000e+01 1.591816358268260956e-02
3.000000000000000000e+01 1.536641083657741547e-02
3.050000000000000000e+01 1.468942966312170029e-02
3.100000000000000000e+01 9.782670065760612488e-03
3.150000000000000000e+01 1.165966386906802654e-03
3.200000000000000000e+01 -6.884451955556869507e-03
3.250000000000000000e+01 -1.050030905753374100e-02
3.300000000000000000e+01 -1.256779301911592484e-02
3.350000000000000000e+01 -1.799728162586688995e-02
3.400000000000000000e+01 -2.194910869002342224e-02
3.450000000000000000e+01 -1.638167351484298706e-02
3.500000000000000000e+01 -4.204225260764360428e-03
3.550000000000000000e+01 6.657760590314865112e-03
3.600000000000000000e+01 1.206113584339618683e-02
3.650000000000000000e+01 1.044330559670925140e-02
3.700000000000000000e+01 3.046528436243534088e-03
3.750000000000000000e+01 -6.443164311349391937e-03
3.800000000000000000e+01 -1.370877400040626526e-02
3.850000000000000000e+01 -1.379413716495037079e-02
3.900000000000000000e+01 -6.683922372758388519e-03
3.950000000000000000e+01 1.200349288410507143e-04
4.000000000000000000e+01 1.537679345346987247e-03
4.050000000000000000e+01 -1.150109805166721344e-03
4.100000000000000000e+01 -5.799041129648685455e-03
4.150000000000000000e+01 -9.941225871443748474e-03
4.200000000000000000e+01 -1.042327098548412323e-02
4.250000000000000000e+01 -8.469451218843460083e-03
4.300000000000000000e+01 -8.631993085145950317e-03
4.350000000000000000e+01 -1.054405234754085541e-02
4.400000000000000000e+01 -9.617179632186889648e-03
4.450000000000000000e+01 -5.516143981367349625e-03
4.500000000000000000e+01 -1.955756451934576035e-03
4.550000000000000000e+01 -6.147366366349160671e-04
4.600000000000000000e+01 -9.688008576631546021e-04
4.650000000000000000e+01 -2.475318498909473419e-03
4.700000000000000000e+01 -3.980979323387145996e-03
4.750000000000000000e+01 -3.589361440390348434e-03
4.800000000000000000e+01 -1.152095384895801544e-03
4.850000000000000000e+01 1.164349378086626530e-03
4.900000000000000000e+01 1.550783053971827030e-03
4.950000000000000000e+01 -4.908535629510879517e-05
5.000000000000000000e+01 -3.065532073378562927e-03
5.050000000000000000e+01 -6.620725616812705994e-03
5.100000000000000000e+01 -8.493252098560333252e-03
5.150000000000000000e+01 -6.948411464691162109e-03
5.200000000000000000e+01 -3.589168190956115723e-03
5.250000000000000000e+01 -1.153703778982162476e-03
5.300000000000000000e+01 -2.283870708197355270e-04
5.350000000000000000e+01 -2.766173565760254860e-05
5.400000000000000000e+01 -2.047745510935783386e-06
5.450000000000000000e+01 -9.080395102500915527e-08
5.500000000000000000e+01 1.164153218269348145e-08
5.550000000000000000e+01 2.328306436538696289e-08
5.600000000000000000e+01 -9.313225746154785156e-09
5.650000000000000000e+01 -1.338776201009750366e-08
5.700000000000000000e+01 -1.549778971821069717e-08
5.750000000000000000e+01 1.746229827404022217e-09
5.800000000000000000e+01 -1.047737896442413330e-08
5.850000000000000000e+01 -1.862645149230957031e-08
5.900000000000000000e+01 -4.889443516731262207e-08
5.950000000000000000e+01 -3.259629011154174805e-08
6.000000000000000000e+01 -1.105945557355880737e-08
6.050000000000000000e+01 3.085006028413772583e-08
6.100000000000000000e+01 2.255546860396862030e-08
6.150000000000000000e+01 7.821654435247182846e-09
6.200000000000000000e+01 -2.037268131971359253e-08
6.250000000000000000e+01 4.656612873077392578e-09
6.300000000000000000e+01 -2.328306436538696289e-09
6.350000000000000000e+01 -3.143213689327239990e-08
6.400000000000000000e+01 -1.047737896442413330e-08
6.450000000000000000e+01 -2.793967723846435547e-08
