-5.000000000000000000e+00 6.111804395914077759e-09
-4.500000000000000000e+00 -6.752088665962219238e-08
-4.000000000000000000e+00 4.918547347187995911e-08
-3.500000000000000000e+00 -3.623426891863346100e-08
-3.000000000000000000e+00 -2.168235369026660919e-08
-2.500000000000000000e+00 5.413312464952468872e-08
-2.000000000000000000e+00 6.548361852765083313e-09
-1.500000000000000000e+00 1.746229827404022217e-07
-1.000000000000000000e+00 7.606530562043190002e-04
-5.000000000000000000e-01 1.100018247961997986e-01
0.000000000000000000e+00 7.034623026847839355e-01
5.000000000000000000e-01 1.965452432632446289e-01
1.000000000000000000e+00 -5.696251057088375092e-03
1.500000000000000000e+00 2.403460443019866943e-02
2.000000000000000000e+00 2.544005401432514191e-02
2.500000000000000000e+00 3.106487728655338287e-02
3.000000000000000000e+00 4.311032593250274658e-02
3.500000000000000000e+00 1.394612342119216919e-01
4.000000000000000000e+00 2.579260244965553284e-02
4.500000000000000000e+00 -1.456130295991897583e-02
5.000000000000000000e+00 1.660672761499881744e-02
5.500000000000000000e+00 1.402043923735618591e-02
6.000000000000000000e+00 2.796938177198171616e-03
6.500000000000000000e+00 -5.472786724567413330e-03
7.000000000000000000e+00 -5.961199104785919189e-02
7.500000000000000000e+00 -1.250276435166597366e-02
8.000000000000000000e+00 -8.696870878338813782e-03
8.500000000000000000e+00 -5.721393227577209473e-02
9.000000000000000000e+00 -1.529811788350343704e-02
9.500000000000000000e+00 1.997629180550575256e-02
1.000000000000000000e+01 1.671717315912246704e-02
1.050000000000000000e+01 6.804454606026411057e-04
1.100000000000000000e+01 2.474507549777626991e-03
1.150000000000000000e+01 2.007156610488891602e-02
1.200000000000000000e+01 1.292607188224792480e-01
1.250000000000000000e+01 5.988191068172454834e-02
1.300000000000000000e+01 1.662556268274784088e-02
1.350000000000000000e+01 -3.858301788568496704e-02
1.400000000000000000e+01 5.358781199902296066e-03
1.450000000000000000e+01 2.715495415031909943e-02
1.500000000000000000e+01 -2.053657546639442444e-02
1.550000000000000000e+01 -4.998620226979255676e-02
1.600000000000000000e+01 -1.372712552547454834e-01
1.650000000000000000e+01 -2.490982227027416229e-02
1.700000000000000000e+01 -4.862125497311353683e-03
1.750000000000000000e+01 -3.233238589018583298e-03
1.800000000000000000e+01 -5.055567249655723572e-02
1.850000000000000000e+01 -4.505807906389236450e-02
1.900000000000000000e+01 -1.483443658798933029e-02
1.950000000000000000e+01 5.761839821934700012e-02
2.000000000000000000e+01 9.612581133842468262e-02
2.050000000000000000e+01 -1.952938549220561981e-02
2.100000000000000000e+01 -1.105581596493721008e-02
2.150000000000000000e+01 1.990163512527942657e-02
2.200000000000000000e+01 3.864937927573919296e-03
2.250000000000000000e+01 8.432740287389606237e-05
2.300000000000000000e+01 2.179568633437156677e-03
2.350000000000000000e+01 2.119267592206597328e-03
2.400000000000000000e+01 -2.231541834771633148e-02
2.450000000000000000e+01 -5.677471868693828583e-03
2.500000000000000000e+01 1.686383411288261414e-02
2.550000000000000000e+01 -3.579847514629364014e-02
2.600000000000000000e+01 9.201998822391033173e-03
2.650000000000000000e+01 2.803423628211021423e-02
2.700000000000000000e+01 2.124352753162384033e-02
2.750000000000000000e+01 2.857666835188865662e-02
2.800000000000000000e+01 -1.481763552874326706e-02
2.850000000000000000e+01 1.585332490503787994e-02
2.900000000000000000e+01 1.327053032582625747e-04
2.950000000000000000e+01 -2.651117742061614990e-02
3.000000000000000000e+01 -4.958035424351692200e-03
3.050000000000000000e+01 7.196564693003892899e-03
3.100000000000000000e+01 3.094969317317008972e-02
3.150000000000000000e+01 -9.372349828481674194e-03
3.200000000000000000e+01 -6.166225299239158630e-03
3.250000000000000000e+01 -1.030797883868217468e-02
3.300000000000000000e+01 -9.281603619456291199e-03
3.350000000000000000e+01 7.911026477813720703e-03
3.400000000000000000e+01 3.272952046245336533e-03
3.450000000000000000e+01 5.626259371638298035e-05
3.500000000000000000e+01 -4.575980710797011852e-06
3.550000000000000000e+01 -1.368472003377974033e-03
3.600000000000000000e+01 -2.193448692560195923e-02
3.650000000000000000e+01 -1.855673454701900482e-02
3.700000000000000000e+01 -1.163002289831638336e-02
3.750000000000000000e+01 -2.332264371216297150e-02
3.800000000000000000e+01 1.021347939968109131e-02
3.850000000000000000e+01 9.325874038040637970e-03
3.900000000000000000e+01 2.320905623491853476e-04
3.950000000000000000e+01 -3.955895081162452698e-03
4.000000000000000000e+01 -1.010854542255401611e-02
4.050000000000000000e+01 -2.064654836431145668e-03
4.100000000000000000e+01 -1.396708376705646515e-02
4.150000000000000000e+01 -4.163987189531326294e-02
4.200000000000000000e+01 -8.421061560511589050e-03
4.250000000000000000e+01 -2.119736513122916222e-03
4.300000000000000000e+01 -2.770981192588806152e-02
4.350000000000000000e+01 -1.881073787808418274e-02
4.400000000000000000e+01 -7.623801007866859436e-03
4.450000000000000000e+01 -2.169707976281642914e-02
4.500000000000000000e+01 4.717750474810600281e-03
4.550000000000000000e+01 1.284724101424217224e-02
4.600000000000000000e+01 9.178768377751111984e-04
4.650000000000000000e+01 2.023898810148239136e-02
4.700000000000000000e+01 2.180811390280723572e-02
4.750000000000000000e+01 8.217536378651857376e-04
4.800000000000000000e+01 1.409518590662628412e-04
4.850000000000000000e+01 4.343432374298572540e-03
4.900000000000000000e+01 5.865236278623342514e-03
4.950000000000000000e+01 1.506559364497661591e-02
5.000000000000000000e+01 5.731250345706939697e-02
5.050000000000000000e+01 1.219426095485687256e-02
5.100000000000000000e+01 -7.098726928234100342e-03
5.150000000000000000e+01 -8.594617247581481934e-04
5.200000000000000000e+01 -4.214234650135040283e-06
5.250000000000000000e+01 -2.095475792884826660e-08
5.300000000000000000e+01 -1.164153218269348145e-09
5.350000000000000000e+01 1.629814505577087402e-08
5.400000000000000000e+01 -2.444721758365631104e-08
5.450000000000000000e+01 -2.793967723846435547e-08
5.500000000000000000e+01 4.423782229423522949e-08
5.550000000000000000e+01 9.866198524832725525e-08
5.600000000000000000e+01 -2.248270902782678604e-08
5.650000000000000000e+01 -3.725290298461914062e-08
5.700000000000000000e+01 -3.899913281202316284e-08
5.750000000000000000e+01 5.529727786779403687e-08
5.800000000000000000e+01 3.958120942115783691e-08
5.850000000000000000e+01 -4.656612873077392578e-08
5.900000000000000000e+01 -1.447915565222501755e-08
5.950000000000000000e+01 -3.259629011154174805e-08
6.000000000000000000e+01 -9.313225746154785156e-09
6.050000000000000000e+01 7.072230800986289978e-08
6.100000000000000000e+01 1.396983861923217773e-08
6.150000000000000000e+01 -5.311449058353900909e-08
6.200000000000000000e+01 -2.652086550369858742e-08
6.250000000000000000e+01 -7.566995918750762939e-09
6.300000000000000000e+01 4.190951585769653320e-08
6.350000000000000000e+01 6.984919309616088867e-08
6.400000000000000000e+01 -5.471520125865936279e-08
6.450000000000000000e+01 -9.662471711635589600e-08
