-5.000000000000000000e+00 3.754394128918647766e-08
-4.500000000000000000e+00 3.259629011154174805e-08
-4.000000000000000000e+00 6.053596735000610352e-08
-3.500000000000000000e+00 -7.334165275096893311e-08
-3.000000000000000000e+00 -8.963979780673980713e-08
-2.500000000000000000e+00 3.725290298461914062e-08
-2.000000000000000000e+00 2.328306436538696289e-09
-1.500000000000000000e+00 2.671731635928153992e-07
-1.000000000000000000e+00 8.003809489309787750e-04
-5.000000000000000000e-01 1.195608153939247131e-01
0.000000000000000000e+00 8.062558770179748535e-01
5.000000000000000000e-01 2.818060517311096191e-01
1.000000000000000000e+00 2.191226696595549583e-03
1.500000000000000000e+00 -1.547406334429979324e-02
2.000000000000000000e+00 6.760163698345422745e-03
2.500000000000000000e+00 3.866862133145332336e-02
3.000000000000000000e+00 5.637265369296073914e-02
3.500000000000000000e+00 3.697885572910308838e-01
4.000000000000000000e+00 1.298460513353347778e-01
4.500000000000000000e+00 -4.901866614818572998e-02
5.000000000000000000e+00 -5.685161054134368896e-02
5.500000000000000000e+00 5.236689001321792603e-03
6.000000000000000000e+00 4.840740584768354893e-04
6.500000000000000000e+00 3.648919984698295593e-02
7.000000000000000000e+00 1.943096816539764404e-01
7.500000000000000000e+00 2.524212189018726349e-02
8.000000000000000000e+00 -8.900187909603118896e-02
8.500000000000000000e+00 -7.350523024797439575e-02
9.000000000000000000e+00 2.817829139530658722e-02
9.500000000000000000e+00 1.564158797264099121e-01
1.000000000000000000e+01 4.409070312976837158e-02
1.050000000000000000e+01 -5.207914113998413086e-02
1.100000000000000000e+01 -1.504112035036087036e-01
1.150000000000000000e+01 1.047797035425901413e-02
1.200000000000000000e+01 1.778419017791748047e-01
1.250000000000000000e+01 2.286852598190307617e-01
1.300000000000000000e+01 -1.199745759367942810e-01
1.350000000000000000e+01 -4.382707923650741577e-02
1.400000000000000000e+01 1.218156423419713974e-02
1.450000000000000000e+01 3.044298384338617325e-03
1.500000000000000000e+01 -2.832407504320144653e-02
1.550000000000000000e+01 -5.875184386968612671e-02
1.600000000000000000e+01 -8.159109205007553101e-02
1.650000000000000000e+01 -1.763860508799552917e-02
1.700000000000000000e+01 -1.918238401412963867e-02
1.750000000000000000e+01 4.384878557175397873e-03
1.800000000000000000e+01 3.440932184457778931e-02
1.850000000000000000e+01 5.287532694637775421e-03
1.900000000000000000e+01 1.579698800924234092e-05
1.950000000000000000e+01 -2.952379174530506134e-03
2.000000000000000000e+01 -1.925011724233627319e-02
2.050000000000000000e+01 -4.284921102225780487e-03
2.100000000000000000e+01 3.001770749688148499e-02
2.150000000000000000e+01 3.274508193135261536e-02
2.200000000000000000e+01 -1.445677131414413452e-02
2.250000000000000000e+01 -6.813224405050277710e-02
2.300000000000000000e+01 2.215916104614734650e-02
2.350000000000000000e+01 1.149923950433731079e-01
2.400000000000000000e+01 1.166106946766376495e-02
2.450000000000000000e+01 -2.608677186071872711e-02
2.500000000000000000e+01 -2.746298909187316895e-02
2.550000000000000000e+01 -1.521243304014205933e-01
2.600000000000000000e+01 -2.713562734425067902e-02
2.650000000000000000e+01 6.354574114084243774e-02
2.700000000000000000e+01 3.438153117895126343e-02
2.750000000000000000e+01 -4.503139294683933258e-03
2.800000000000000000e+01 -1.023009791970252991e-01
2.850000000000000000e+01 -1.699246764183044434e-01
2.900000000000000000e+01 -1.935187913477420807e-02
2.950000000000000000e+01 1.429504621773958206e-02
3.000000000000000000e+01 3.114608302712440491e-02
3.050000000000000000e+01 1.340903341770172119e-02
3.100000000000000000e+01 1.265947008505463600e-03
3.150000000000000000e+01 6.158520591270644218e-06
3.200000000000000000e+01 -4.705203537014313042e-06
3.250000000000000000e+01 -3.199708182364702225e-03
3.300000000000000000e+01 -8.210651576519012451e-02
3.350000000000000000e+01 -8.706918358802795410e-02
3.400000000000000000e+01 -1.584586570970714092e-03
3.450000000000000000e+01 5.759398639202117920e-02
3.500000000000000000e+01 9.795142710208892822e-02
3.550000000000000000e+01 2.179901674389839172e-02
3.600000000000000000e+01 -8.206999301910400391e-02
3.650000000000000000e+01 -1.557313501834869385e-01
3.700000000000000000e+01 -3.124750778079032898e-02
3.750000000000000000e+01 -8.873859420418739319e-03
3.800000000000000000e+01 4.383742064237594604e-02
3.850000000000000000e+01 7.666350156068801880e-02
3.900000000000000000e+01 -1.361053436994552612e-02
3.950000000000000000e+01 -6.306578218936920166e-02
4.000000000000000000e+01 -1.978062465786933899e-02
4.050000000000000000e+01 -9.005260653793811798e-04
4.100000000000000000e+01 -3.629503771662712097e-02
4.150000000000000000e+01 -1.429465115070343018e-01
4.200000000000000000e+01 -2.825602889060974121e-02
4.250000000000000000e+01 1.109858509153127670e-02
4.300000000000000000e+01 -2.751945517957210541e-03
4.350000000000000000e+01 -2.738101594150066376e-02
4.400000000000000000e+01 2.859801054000854492e-02
4.450000000000000000e+01 7.377469539642333984e-02
4.500000000000000000e+01 -3.458805754780769348e-02
4.550000000000000000e+01 -1.662252247333526611e-01
4.600000000000000000e+01 -2.708673104643821716e-02
4.650000000000000000e+01 5.756968632340431213e-02
4.700000000000000000e+01 8.873166143894195557e-02
4.750000000000000000e+01 -1.222135312855243683e-02
4.800000000000000000e+01 -2.008717320859432220e-02
4.850000000000000000e+01 -1.702513732016086578e-02
4.900000000000000000e+01 -7.648058235645294189e-02
4.950000000000000000e+01 -1.626393944025039673e-02
5.000000000000000000e+01 -1.116179674863815308e-02
5.050000000000000000e+01 -2.933290787041187286e-02
5.100000000000000000e+01 6.554536521434783936e-03
5.150000000000000000e+01 6.810389459133148193e-03
5.200000000000000000e+01 1.622014679014682770e-04
5.250000000000000000e+01 1.117587089538574219e-07
5.300000000000000000e+01 4.554749466478824615e-08
5.350000000000000000e+01 8.265487849712371826e-08
5.400000000000000000e+01 -1.105945557355880737e-07
5.450000000000000000e+01 -1.396983861923217773e-07
5.500000000000000000e+01 7.450580596923828125e-08
5.550000000000000000e+01 8.818460628390312195e-08
5.600000000000000000e+01 2.328306436538696289e-08
5.650000000000000000e+01 -3.259629011154174805e-08
5.700000000000000000e+01 -7.101334631443023682e-08
5.750000000000000000e+01 1.292210072278976440e-07
5.800000000000000000e+01 2.793967723846435547e-08
5.850000000000000000e+01 -5.122274160385131836e-08
5.900000000000000000e+01 -4.074536263942718506e-08
5.950000000000000000e+01 -1.024454832077026367e-07
6.000000000000000000e+01 3.492459654808044434e-08
6.050000000000000000e+01 1.210719347000122070e-07
6.100000000000000000e+01 4.656612873077392578e-09
6.150000000000000000e+01 -4.394678398966789246e-08
6.200000000000000000e+01 -6.053596735000610352e-08
6.250000000000000000e+01 -3.725290298461914062e-08
6.300000000000000000e+01 0.000000000000000000e+00
6.350000000000000000e+01 9.313225746154785156e-09
6.400000000000000000e+01 -3.667082637548446655e-08
6.450000000000000000e+01 -2.793967723846435547e-08
