-5.000000000000000000e+00 2.328306436538696289e-08
-4.500000000000000000e+00 -1.315493136644363403e-07
-4.000000000000000000e+00 4.889443516731262207e-08
-3.500000000000000000e+00 -1.862645149230957031e-08
-3.000000000000000000e+00 2.095475792884826660e-08
-2.500000000000000000e+00 4.147295840084552765e-08
-2.000000000000000000e+00 -2.561137080192565918e-08
-1.500000000000000000e+00 1.266016624867916107e-07
-1.000000000000000000e+00 6.306928116828203201e-04
-5.000000000000000000e-01 1.042304337024688721e-01
0.000000000000000000e+00 8.007017374038696289e-01
5.000000000000000000e-01 1.775086671113967896e-01
1.000000000000000000e+00 -4.158394783735275269e-02
1.500000000000000000e+00 1.397173479199409485e-02
2.000000000000000000e+00 3.618014231324195862e-02
2.500000000000000000e+00 4.524166695773601532e-03
3.000000000000000000e+00 1.403854489326477051e-01
3.500000000000000000e+00 1.763006299734115601e-01
4.000000000000000000e+00 8.657557889819145203e-03
4.500000000000000000e+00 2.533133700489997864e-02
5.000000000000000000e+00 6.777067482471466064e-02
5.500000000000000000e+00 -2.609383314847946167e-03
6.000000000000000000e+00 -9.006310254335403442e-03
6.500000000000000000e+00 8.044099435210227966e-03
7.000000000000000000e+00 -2.952041849493980408e-02
7.500000000000000000e+00 -2.571588009595870972e-02
8.000000000000000000e+00 4.003627691417932510e-04
8.500000000000000000e+00 1.924031227827072144e-02
9.000000000000000000e+00 8.267438970506191254e-03
9.500000000000000000e+00 -2.560389228165149689e-03
1.000000000000000000e+01 -3.825744241476058960e-02
1.050000000000000000e+01 -4.631339758634567261e-02
1.100000000000000000e+01 -5.297393072396516800e-03
1.150000000000000000e+01 8.804034441709518433e-02
1.200000000000000000e+01 1.020811125636100769e-01
1.250000000000000000e+01 -3.035203088074922562e-03
1.300000000000000000e+01 -3.645831346511840820e-02
1.350000000000000000e+01 -1.486283540725708008e-02
1.400000000000000000e+01 -2.355720475316047668e-02
1.450000000000000000e+01 -3.423658199608325958e-03
1.500000000000000000e+01 -3.411134332418441772e-02
1.550000000000000000e+01 -1.626587510108947754e-01
1.600000000000000000e+01 -3.409586101770401001e-02
1.650000000000000000e+01 -7.072697626426815987e-04
1.700000000000000000e+01 -1.223559956997632980e-02
1.750000000000000000e+01 -1.667944528162479401e-02
1.800000000000000000e+01 2.324348781257867813e-03
1.850000000000000000e+01 1.338223554193973541e-02
1.900000000000000000e+01 2.901230938732624054e-03
1.950000000000000000e+01 3.646887489594519138e-05
2.000000000000000000e+01 9.925304912030696869e-04
2.050000000000000000e+01 9.827744215726852417e-03
2.100000000000000000e+01 4.309135954827070236e-03
2.150000000000000000e+01 -2.667324151843786240e-03
2.200000000000000000e+01 -5.147156771272420883e-03
2.250000000000000000e+01 -4.225900629535317421e-04
2.300000000000000000e+01 -1.407741933689976577e-06
2.350000000000000000e+01 -9.952862001227913424e-08
2.400000000000000000e+01 4.404443387784340302e-08
2.450000000000000000e+01 4.395644026544687222e-08
2.500000000000000000e+01 9.266257450235571014e-08
2.550000000000000000e+01 2.573170547748304671e-07
2.600000000000000000e+01 5.040615391749270202e-08
2.650000000000000000e+01 1.927506673382595181e-06
2.700000000000000000e+01 8.301408961415290833e-04
2.750000000000000000e+01 1.628680527210235596e-02
2.800000000000000000e+01 1.437925547361373901e-02
2.850000000000000000e+01 9.046305203810334206e-04
2.900000000000000000e+01 2.728058770298957825e-02
2.950000000000000000e+01 8.515100181102752686e-02
3.000000000000000000e+01 7.759559899568557739e-03
3.050000000000000000e+01 4.320102743804454803e-04
3.100000000000000000e+01 7.922966964542865753e-03
3.150000000000000000e+01 5.791699979454278946e-03
3.200000000000000000e+01 1.147714676335453987e-03
3.250000000000000000e+01 2.960093691945075989e-02
3.300000000000000000e+01 2.519594505429267883e-02
3.350000000000000000e+01 2.087630704045295715e-02
3.400000000000000000e+01 2.595972269773483276e-02
3.450000000000000000e+01 -1.239533303305506706e-04
3.500000000000000000e+01 -1.657266356050968170e-02
3.550000000000000000e+01 -6.827616691589355469e-02
3.600000000000000000e+01 -2.439588308334350586e-02
3.650000000000000000e+01 -5.180571461096405983e-04
3.700000000000000000e+01 -2.432120963931083679e-03
3.750000000000000000e+01 -6.207511760294437408e-03
3.800000000000000000e+01 2.114080416504293680e-04
3.850000000000000000e+01 1.842205971479415894e-02
3.900000000000000000e+01 1.965530589222908020e-02
3.950000000000000000e+01 1.073975116014480591e-03
4.000000000000000000e+01 -5.182785913348197937e-03
4.050000000000000000e+01 -2.015129849314689636e-02
4.100000000000000000e+01 -6.479051895439624786e-03
4.150000000000000000e+01 9.690298698842525482e-03
4.200000000000000000e+01 1.002608798444271088e-02
4.250000000000000000e+01 -9.569674730300903320e-04
4.300000000000000000e+01 -3.571518696844577789e-03
4.350000000000000000e+01 -1.163848908618092537e-03
4.400000000000000000e+01 -2.470501139760017395e-02
4.450000000000000000e+01 -3.712302446365356445e-02
4.500000000000000000e+01 -2.733143977820873260e-03
4.550000000000000000e+01 2.289354568347334862e-03
4.600000000000000000e+01 2.120201289653778076e-02
4.650000000000000000e+01 1.685468852519989014e-02
4.700000000000000000e+01 6.831809878349304199e-03
4.750000000000000000e+01 4.222047328948974609e-02
4.800000000000000000e+01 3.848525881767272949e-02
4.850000000000000000e+01 5.846716230735182762e-04
4.900000000000000000e+01 -1.457439549267292023e-02
4.950000000000000000e+01 -1.335833687335252762e-02
5.000000000000000000e+01 6.969267968088388443e-03
5.050000000000000000e+01 1.596609316766262054e-02
5.100000000000000000e+01 -1.022435724735260010e-02
5.150000000000000000e+01 -6.536841392517089844e-03
5.200000000000000000e+01 -1.540221273899078369e-04
5.250000000000000000e+01 -1.398439053446054459e-07
5.300000000000000000e+01 -2.328306436538696289e-09
5.350000000000000000e+01 -1.920852810144424438e-08
5.400000000000000000e+01 -5.122274160385131836e-08
5.450000000000000000e+01 2.793967723846435547e-08
5.500000000000000000e+01 3.958120942115783691e-08
5.550000000000000000e+01 9.982613846659660339e-08
5.600000000000000000e+01 -4.656612873077392578e-09
5.650000000000000000e+01 -9.429641067981719971e-08
5.700000000000000000e+01 6.984919309616088867e-09
5.750000000000000000e+01 1.033185981214046478e-07
5.800000000000000000e+01 -1.047737896442413330e-08
5.850000000000000000e+01 -9.080395102500915527e-08
5.900000000000000000e+01 8.440110832452774048e-09
5.950000000000000000e+01 -3.667082637548446655e-08
6.000000000000000000e+01 -1.338776201009750366e-08
6.050000000000000000e+01 9.182258509099483490e-08
6.100000000000000000e+01 3.026798367500305176e-08
6.150000000000000000e+01 -1.140870153903961182e-07
6.200000000000000000e+01 4.656612873077392578e-09
6.250000000000000000e+01 -2.793967723846435547e-08
6.300000000000000000e+01 -2.328306436538696289e-08
6.350000000000000000e+01 5.704350769519805908e-08
6.400000000000000000e+01 -5.937181413173675537e-08
6.450000000000000000e+01 -6.402842700481414795e-08
