-5.000000000000000000e+00 8.381903171539306641e-08
-4.500000000000000000e+00 -1.746229827404022217e-08
-4.000000000000000000e+00 -5.748006515204906464e-09
-3.500000000000000000e+00 5.587935447692871094e-08
-3.000000000000000000e+00 -8.600181899964809418e-08
-2.500000000000000000e+00 2.291926648467779160e-09
-2.000000000000000000e+00 -2.986780600622296333e-08
-1.500000000000000000e+00 2.112938091158866882e-07
-1.000000000000000000e+00 4.708819324150681496e-04
-5.000000000000000000e-01 5.257346481084823608e-02
0.000000000000000000e+00 4.022428393363952637e-01
5.000000000000000000e-01 6.723583936691284180e-01
1.000000000000000000e+00 -9.642414003610610962e-02
1.500000000000000000e+00 -2.367325313389301300e-02
2.000000000000000000e+00 3.516028076410293579e-02
2.500000000000000000e+00 1.330444663763046265e-01
3.000000000000000000e+00 6.567862629890441895e-02
3.500000000000000000e+00 9.302298538386821747e-03
4.000000000000000000e+00 -1.542353257536888123e-02
4.500000000000000000e+00 1.061053872108459473e-01
5.000000000000000000e+00 7.856056839227676392e-02
5.500000000000000000e+00 7.582137361168861389e-03
6.000000000000000000e+00 6.324244290590286255e-02
6.500000000000000000e+00 6.151836737990379333e-02
7.000000000000000000e+00 5.322216078639030457e-03
7.500000000000000000e+00 -6.212804000824689865e-03
8.000000000000000000e+00 -1.007524803280830383e-01
8.500000000000000000e+00 -8.882632851600646973e-02
9.000000000000000000e+00 -3.345278091728687286e-03
9.500000000000000000e+00 1.766018383204936981e-02
1.000000000000000000e+01 1.766947284340858459e-02
1.050000000000000000e+01 7.762362947687506676e-04
1.100000000000000000e+01 1.474932673772855196e-06
1.150000000000000000e+01 7.603260019095614552e-05
1.200000000000000000e+01 1.178343966603279114e-02
1.250000000000000000e+01 8.279664814472198486e-02
1.300000000000000000e+01 2.630078233778476715e-02
1.350000000000000000e+01 -2.873086929321289062e-02
1.400000000000000000e+01 -1.260474324226379395e-01
1.450000000000000000e+01 -6.184446811676025391e-02
1.500000000000000000e+01 8.931891061365604401e-03
1.550000000000000000e+01 2.452026819810271263e-03
1.600000000000000000e+01 -8.041172474622726440e-02
1.650000000000000000e+01 -1.503691375255584717e-01
1.700000000000000000e+01 -1.234321482479572296e-02
1.750000000000000000e+01 -7.783637556713074446e-05
1.800000000000000000e+01 -7.517660036683082581e-03
1.850000000000000000e+01 -9.073983132839202881e-02
1.900000000000000000e+01 -7.982708513736724854e-02
1.950000000000000000e+01 1.284306054003536701e-03
2.000000000000000000e+01 1.365616470575332642e-01
2.050000000000000000e+01 1.072624325752258301e-01
2.100000000000000000e+01 -5.174332763999700546e-03
2.150000000000000000e+01 -1.269841194152832031e-01
2.200000000000000000e+01 -1.058684736490249634e-01
2.250000000000000000e+01 -3.161037107929587364e-03
2.300000000000000000e+01 5.655506998300552368e-02
2.350000000000000000e+01 1.303831040859222412e-01
2.400000000000000000e+01 1.680968515574932098e-02
2.450000000000000000e+01 -1.623366586863994598e-02
2.500000000000000000e+01 -5.464289709925651550e-02
2.550000000000000000e+01 -1.302635297179222107e-02
2.600000000000000000e+01 -2.262737543787807226e-04
2.650000000000000000e+01 -1.921070378330114181e-07
2.700000000000000000e+01 -2.696577361405161355e-08
2.750000000000000000e+01 -3.214509902704776323e-08
2.800000000000000000e+01 9.554538493716790981e-09
2.850000000000000000e+01 -4.628883942814354668e-09
2.900000000000000000e+01 -4.652052965070652135e-09
2.950000000000000000e+01 -1.621050978428684175e-05
3.000000000000000000e+01 -4.112454596906900406e-03
3.050000000000000000e+01 -5.077570676803588867e-02
3.100000000000000000e+01 -3.021591342985630035e-02
3.150000000000000000e+01 -6.411649519577622414e-04
3.200000000000000000e+01 1.801257580518722534e-02
3.250000000000000000e+01 1.030040606856346130e-01
3.300000000000000000e+01 1.198456808924674988e-01
3.350000000000000000e+01 3.185757994651794434e-02
3.400000000000000000e+01 -1.020166836678981781e-02
3.450000000000000000e+01 -2.739654481410980225e-02
3.500000000000000000e+01 -3.073897212743759155e-03
3.550000000000000000e+01 -1.505325144535163417e-05
3.600000000000000000e+01 1.376387785967381205e-07
3.650000000000000000e+01 1.486513065174221992e-04
3.700000000000000000e+01 1.353864092379808426e-02
3.750000000000000000e+01 6.050034612417221069e-02
3.800000000000000000e+01 1.383386738598346710e-02
3.850000000000000000e+01 -8.820024231681600213e-05
3.900000000000000000e+01 -9.316405281424522400e-03
3.950000000000000000e+01 -2.230977453291416168e-02
4.000000000000000000e+01 4.810933489352464676e-03
4.050000000000000000e+01 6.419333815574645996e-02
4.100000000000000000e+01 2.981379255652427673e-02
4.150000000000000000e+01 6.116360891610383987e-04
4.200000000000000000e+01 -1.593625545501708984e-02
4.250000000000000000e+01 -1.594039611518383026e-02
4.300000000000000000e+01 -7.003030623309314251e-04
4.350000000000000000e+01 -1.337035428150556982e-06
4.400000000000000000e+01 -1.098211743766341897e-08
4.450000000000000000e+01 1.860573206613480579e-07
4.500000000000000000e+01 1.556696952320635319e-04
4.550000000000000000e+01 8.152997121214866638e-03
4.600000000000000000e+01 5.658829212188720703e-02
4.650000000000000000e+01 5.489386245608329773e-02
4.700000000000000000e+01 2.518633380532264709e-03
4.750000000000000000e+01 -9.578593075275421143e-03
4.800000000000000000e+01 -9.585648775100708008e-03
4.850000000000000000e+01 -4.210442421026527882e-04
4.900000000000000000e+01 8.680410246597602963e-05
4.950000000000000000e+01 5.091263446956872940e-03
5.000000000000000000e+01 1.300115324556827545e-02
5.050000000000000000e+01 1.458722981624305248e-03
5.100000000000000000e+01 7.208436727523803711e-06
5.150000000000000000e+01 1.117587089538574219e-07
5.200000000000000000e+01 3.259629011154174805e-08
5.250000000000000000e+01 -6.984919309616088867e-09
5.300000000000000000e+01 -3.492459654808044434e-09
5.350000000000000000e+01 3.725290298461914062e-08
5.400000000000000000e+01 8.381903171539306641e-08
5.450000000000000000e+01 -5.355104804039001465e-08
5.500000000000000000e+01 -4.947651177644729614e-08
5.550000000000000000e+01 8.847564458847045898e-08
5.600000000000000000e+01 1.164153218269348145e-07
5.650000000000000000e+01 -4.132743924856185913e-08
5.700000000000000000e+01 -5.587935447692871094e-08
5.750000000000000000e+01 -3.725290298461914062e-08
5.800000000000000000e+01 9.895302355289459229e-08
5.850000000000000000e+01 -2.004526322707533836e-08
5.900000000000000000e+01 6.752088665962219238e-08
5.950000000000000000e+01 -7.450580596923828125e-08
6.000000000000000000e+01 -3.026798367500305176e-08
6.050000000000000000e+01 6.170012056827545166e-08
6.100000000000000000e+01 3.608874976634979248e-08
6.150000000000000000e+01 -1.382431946694850922e-08
6.200000000000000000e+01 -9.932705324899870902e-08
6.250000000000000000e+01 4.551736765279201791e-10
6.300000000000000000e+01 3.710738383233547211e-09
6.350000000000000000e+01 6.519258022308349609e-08
6.400000000000000000e+01 3.026798367500305176e-08
6.450000000000000000e+01 -5.675246939063072205e-08
