-5.000000000000000000e+00 1.185981091111898422e-08
-4.500000000000000000e+00 -5.122274160385131836e-08
-4.000000000000000000e+00 3.143213689327239990e-08
-3.500000000000000000e+00 2.328306436538696289e-09
-3.000000000000000000e+00 3.492459654808044434e-08
-2.500000000000000000e+00 4.365574568510055542e-08
-2.000000000000000000e+00 -2.211891114711761475e-08
-1.500000000000000000e+00 6.984919309616088867e-08
-1.000000000000000000e+00 3.954219573643058538e-04
-5.000000000000000000e-01 7.747112959623336792e-02
0.000000000000000000e+00 6.773161888122558594e-01
5.000000000000000000e-01 2.624829113483428955e-01
1.000000000000000000e+00 6.091294344514608383e-03
1.500000000000000000e+00 3.707602992653846741e-02
2.000000000000000000e+00 5.098429322242736816e-02
2.500000000000000000e+00 1.460317522287368774e-03
3.000000000000000000e+00 -7.243669591844081879e-03
3.500000000000000000e+00 1.030905544757843018e-01
4.000000000000000000e+00 7.713805884122848511e-02
4.500000000000000000e+00 8.228019811213016510e-03
5.000000000000000000e+00 5.001233890652656555e-02
5.500000000000000000e+00 1.793838851153850555e-02
6.000000000000000000e+00 -3.496740013360977173e-03
6.500000000000000000e+00 -2.684517204761505127e-02
7.000000000000000000e+00 -3.583141416311264038e-02
7.500000000000000000e+00 -8.346926420927047729e-03
8.000000000000000000e+00 -1.497782359365373850e-04
8.500000000000000000e+00 -6.865034811198711395e-03
9.000000000000000000e+00 -4.476761817932128906e-02
9.500000000000000000e+00 -1.372525654733181000e-02
1.000000000000000000e+01 -1.654795370995998383e-02
1.050000000000000000e+01 -2.113248966634273529e-02
1.100000000000000000e+01 -1.482943771407008171e-03
1.150000000000000000e+01 4.183710366487503052e-02
1.200000000000000000e+01 2.167253345251083374e-01
1.250000000000000000e+01 1.043403446674346924e-01
1.300000000000000000e+01 2.495267428457736969e-02
1.350000000000000000e+01 3.774755634367465973e-03
1.400000000000000000e+01 -1.186134107410907745e-02
1.450000000000000000e+01 -6.874768435955047607e-02
1.500000000000000000e+01 -6.697758287191390991e-02
1.550000000000000000e+01 -1.738926023244857788e-01
1.600000000000000000e+01 -3.516108170151710510e-02
1.650000000000000000e+01 -4.657278209924697876e-02
1.700000000000000000e+01 -5.821042694151401520e-03
1.750000000000000000e+01 6.655671168118715286e-03
1.800000000000000000e+01 -1.654398441314697266e-02
1.850000000000000000e+01 -4.983216524124145508e-02
1.900000000000000000e+01 -8.332163095474243164e-03
1.950000000000000000e+01 2.796420827507972717e-02
2.000000000000000000e+01 1.281945966184139252e-02
2.050000000000000000e+01 -2.278044074773788452e-02
2.100000000000000000e+01 -2.837796136736869812e-02
2.150000000000000000e+01 3.731519356369972229e-02
2.200000000000000000e+01 7.333946228027343750e-02
2.250000000000000000e+01 5.861362442374229431e-03
2.300000000000000000e+01 -8.572296239435672760e-03
2.350000000000000000e+01 -3.831921145319938660e-02
2.400000000000000000e+01 -1.506215892732143402e-02
2.450000000000000000e+01 -4.252084763720631599e-04
2.500000000000000000e+01 -8.742811158299446106e-03
2.550000000000000000e+01 -3.978872671723365784e-02
2.600000000000000000e+01 -7.096368819475173950e-03
2.650000000000000000e+01 3.559279441833496094e-02
2.700000000000000000e+01 6.620097905397415161e-02
2.750000000000000000e+01 3.008635714650154114e-02
2.800000000000000000e+01 3.845041850581765175e-03
2.850000000000000000e+01 -5.692669656127691269e-04
2.900000000000000000e+01 -3.576865792274475098e-02
2.950000000000000000e+01 -1.025285571813583374e-01
3.000000000000000000e+01 -2.149771526455879211e-02
3.050000000000000000e+01 8.623115718364715576e-04
3.100000000000000000e+01 8.930508978664875031e-03
3.150000000000000000e+01 2.563684480264782906e-03
3.200000000000000000e+01 1.359275775030255318e-03
3.250000000000000000e+01 1.616331934928894043e-02
3.300000000000000000e+01 7.233184296637773514e-03
3.350000000000000000e+01 -3.341946005821228027e-02
3.400000000000000000e+01 -5.560565367341041565e-02
3.450000000000000000e+01 1.728670322336256504e-03
3.500000000000000000e+01 4.734972864389419556e-02
3.550000000000000000e+01 1.137444004416465759e-02
3.600000000000000000e+01 -3.188645094633102417e-02
3.650000000000000000e+01 -3.490381687879562378e-02
3.700000000000000000e+01 -6.958129815757274628e-03
3.750000000000000000e+01 -2.613372728228569031e-02
3.800000000000000000e+01 -6.770672742277383804e-03
3.850000000000000000e+01 -7.735845429124310613e-05
3.900000000000000000e+01 6.476375274360179901e-04
3.950000000000000000e+01 1.683951541781425476e-02
4.000000000000000000e+01 2.314540743827819824e-02
4.050000000000000000e+01 7.971870218170806766e-05
4.100000000000000000e+01 -3.211826086044311523e-02
4.150000000000000000e+01 -7.712605595588684082e-02
4.200000000000000000e+01 -2.312663942575454712e-02
4.250000000000000000e+01 -3.678607754409313202e-04
4.300000000000000000e+01 9.419071138836443424e-04
4.350000000000000000e+01 -1.214636582881212234e-02
4.400000000000000000e+01 -1.310352049767971039e-02
4.450000000000000000e+01 -1.459018792957067490e-02
4.500000000000000000e+01 -1.236272044479846954e-02
4.550000000000000000e+01 -7.201828993856906891e-04
4.600000000000000000e+01 -4.954270087182521820e-03
4.650000000000000000e+01 3.672361746430397034e-02
4.700000000000000000e+01 2.418752387166023254e-02
4.750000000000000000e+01 3.334631025791168213e-02
4.800000000000000000e+01 3.270046040415763855e-02
4.850000000000000000e+01 -3.799945989158004522e-04
4.900000000000000000e+01 -2.234944887459278107e-02
4.950000000000000000e+01 -5.279593542218208313e-02
5.000000000000000000e+01 -1.558336336165666580e-02
5.050000000000000000e+01 1.211455091834068298e-03
5.100000000000000000e+01 -3.589507192373275757e-02
5.150000000000000000e+01 -2.243408933281898499e-02
5.200000000000000000e+01 -5.360762588679790497e-04
5.250000000000000000e+01 -5.838228389620780945e-07
5.300000000000000000e+01 4.889443516731262207e-08
5.350000000000000000e+01 1.164153218269348145e-09
5.400000000000000000e+01 -5.093170329928398132e-08
5.450000000000000000e+01 -5.238689482212066650e-08
5.500000000000000000e+01 0.000000000000000000e+00
5.550000000000000000e+01 5.529727786779403687e-08
5.600000000000000000e+01 3.492459654808044434e-08
5.650000000000000000e+01 -6.053596735000610352e-08
5.700000000000000000e+01 -3.572495188564062119e-08
5.750000000000000000e+01 5.937181413173675537e-08
5.800000000000000000e+01 4.656612873077392578e-09
5.850000000000000000e+01 -3.026798367500305176e-08
5.900000000000000000e+01 -4.834873834624886513e-08
5.950000000000000000e+01 -4.132743924856185913e-08
6.000000000000000000e+01 -3.492459654808044434e-09
6.050000000000000000e+01 6.286427378654479980e-08
6.100000000000000000e+01 1.309672370553016663e-08
6.150000000000000000e+01 -6.402842700481414795e-08
6.200000000000000000e+01 -3.172317519783973694e-08
6.250000000000000000e+01 -3.026798367500305176e-08
6.300000000000000000e+01 4.656612873077392578e-09
6.350000000000000000e+01 4.656612873077392578e-08
6.400000000000000000e+01 -7.217749953269958496e-08
6.450000000000000000e+01 -7.741618901491165161e-08
