-5.000000000000000000e+00 4.598405212163925171e-08
-4.500000000000000000e+00 -8.963979780673980713e-08
-4.000000000000000000e+00 4.220055416226387024e-08
-3.500000000000000000e+00 -6.984919309616088867e-09
-3.000000000000000000e+00 -1.164153218269348145e-09
-2.500000000000000000e+00 -1.047737896442413330e-08
-2.000000000000000000e+00 -3.259629011154174805e-08
-1.500000000000000000e+00 1.781154423952102661e-07
-1.000000000000000000e+00 8.068553870543837547e-04
-5.000000000000000000e-01 1.193768903613090515e-01
0.000000000000000000e+00 7.749787569046020508e-01
5.000000000000000000e-01 2.206808626651763916e-01
1.000000000000000000e+00 2.757190959528088570e-03
1.500000000000000000e+00 1.769482740201056004e-03
2.000000000000000000e+00 5.490862578153610229e-02
2.500000000000000000e+00 6.673287600278854370e-02
3.000000000000000000e+00 -2.301839366555213928e-02
3.500000000000000000e+00 9.237335622310638428e-02
4.000000000000000000e+00 4.940845072269439697e-02
4.500000000000000000e+00 -3.863103687763214111e-02
5.000000000000000000e+00 1.095478236675262451e-02
5.500000000000000000e+00 5.405834317207336426e-02
6.000000000000000000e+00 8.152925223112106323e-02
6.500000000000000000e+00 1.452209614217281342e-02
7.000000000000000000e+00 -1.562109775841236115e-02
7.500000000000000000e+00 -1.288643479347229004e-01
8.000000000000000000e+00 -4.365041851997375488e-02
8.500000000000000000e+00 -7.070636004209518433e-02
9.000000000000000000e+00 -2.257607877254486084e-02
9.500000000000000000e+00 5.826418846845626831e-02
1.000000000000000000e+01 -2.018364891409873962e-02
1.050000000000000000e+01 -3.455769270658493042e-02
1.100000000000000000e+01 7.809682190418243408e-02
1.150000000000000000e+01 1.750688552856445312e-01
1.200000000000000000e+01 3.421069681644439697e-02
1.250000000000000000e+01 -9.906082414090633392e-03
1.300000000000000000e+01 -1.034206151962280273e-01
1.350000000000000000e+01 -3.443102119490504265e-03
1.400000000000000000e+01 9.968440979719161987e-03
1.450000000000000000e+01 1.252458058297634125e-02
1.500000000000000000e+01 -1.817151531577110291e-02
1.550000000000000000e+01 -1.167568117380142212e-01
1.600000000000000000e+01 -1.363602429628372192e-01
1.650000000000000000e+01 -4.836848005652427673e-02
1.700000000000000000e+01 -7.083604112267494202e-03
1.750000000000000000e+01 -1.360367797315120697e-02
1.800000000000000000e+01 -6.266485434025526047e-03
1.850000000000000000e+01 2.539598941802978516e-02
1.900000000000000000e+01 6.639812141656875610e-02
1.950000000000000000e+01 2.978861145675182343e-02
2.000000000000000000e+01 -6.471274537034332752e-04
2.050000000000000000e+01 -3.529031202197074890e-02
2.100000000000000000e+01 -1.595631428062915802e-02
2.150000000000000000e+01 -1.414878200739622116e-02
2.200000000000000000e+01 -3.950205165892839432e-03
2.250000000000000000e+01 2.921380102634429932e-03
2.300000000000000000e+01 2.277253195643424988e-02
2.350000000000000000e+01 6.182809174060821533e-02
2.400000000000000000e+01 2.884284779429435730e-02
2.450000000000000000e+01 9.314429759979248047e-02
2.500000000000000000e+01 1.377705670893192291e-02
2.550000000000000000e+01 -6.298200041055679321e-02
2.600000000000000000e+01 1.091285608708858490e-02
2.650000000000000000e+01 -1.374473050236701965e-02
2.700000000000000000e+01 -5.297823250293731689e-02
2.750000000000000000e+01 8.168977499008178711e-02
2.800000000000000000e+01 9.710781276226043701e-02
2.850000000000000000e+01 1.964366249740123749e-02
2.900000000000000000e+01 1.679494744166731834e-03
2.950000000000000000e+01 -1.161488180514425039e-04
3.000000000000000000e+01 -9.891560301184654236e-03
3.050000000000000000e+01 -3.737891092896461487e-02
3.100000000000000000e+01 -3.107995726168155670e-02
3.150000000000000000e+01 -2.124630613252520561e-03
3.200000000000000000e+01 3.362023830413818359e-02
3.250000000000000000e+01 6.933845579624176025e-03
3.300000000000000000e+01 3.225883096456527710e-02
3.350000000000000000e+01 8.537854254245758057e-02
3.400000000000000000e+01 4.215877503156661987e-02
3.450000000000000000e+01 -1.447172649204730988e-02
3.500000000000000000e+01 -1.130809783935546875e-01
3.550000000000000000e+01 -1.012086682021617889e-02
3.600000000000000000e+01 -8.216631598770618439e-03
3.650000000000000000e+01 2.375348005443811417e-03
3.700000000000000000e+01 1.363296993076801300e-02
3.750000000000000000e+01 -3.469504415988922119e-02
3.800000000000000000e+01 1.005395129323005676e-02
3.850000000000000000e+01 1.428826525807380676e-02
3.900000000000000000e+01 -3.072964400053024292e-02
3.950000000000000000e+01 -2.988521242514252663e-03
4.000000000000000000e+01 9.369647130370140076e-03
4.050000000000000000e+01 -1.096703577786684036e-02
4.100000000000000000e+01 8.094254881143569946e-03
4.150000000000000000e+01 -7.501547952415421605e-05
4.200000000000000000e+01 -5.840943753719329834e-02
4.250000000000000000e+01 -2.044577524065971375e-02
4.300000000000000000e+01 -2.402149513363838196e-02
4.350000000000000000e+01 -8.691632747650146484e-02
4.400000000000000000e+01 -1.380263082683086395e-02
4.450000000000000000e+01 -3.537125885486602783e-04
4.500000000000000000e+01 -8.038036525249481201e-03
4.550000000000000000e+01 -1.097916625440120697e-02
4.600000000000000000e+01 1.427798066288232803e-03
4.650000000000000000e+01 2.540646493434906006e-02
4.700000000000000000e+01 1.010182127356529236e-02
4.750000000000000000e+01 -2.188291586935520172e-02
4.800000000000000000e+01 1.514648273587226868e-02
4.850000000000000000e+01 3.305595740675926208e-02
4.900000000000000000e+01 2.796331420540809631e-02
4.950000000000000000e+01 5.466809496283531189e-02
5.000000000000000000e+01 1.018294133245944977e-02
5.050000000000000000e+01 4.100041091442108154e-02
5.100000000000000000e+01 1.614334061741828918e-02
5.150000000000000000e+01 2.779066562652587891e-04
5.200000000000000000e+01 2.922024577856063843e-07
5.250000000000000000e+01 -1.802618498913943768e-08
5.300000000000000000e+01 -4.423782229423522949e-08
5.350000000000000000e+01 4.190951585769653320e-08
5.400000000000000000e+01 1.251464709639549255e-08
5.450000000000000000e+01 -3.259629011154174805e-08
5.500000000000000000e+01 5.122274160385131836e-08
5.550000000000000000e+01 1.012813299894332886e-07
5.600000000000000000e+01 -5.238689482212066650e-09
5.650000000000000000e+01 -1.187436282634735107e-07
5.700000000000000000e+01 -5.587935447692871094e-08
5.750000000000000000e+01 2.142041921615600586e-07
5.800000000000000000e+01 -5.966285243630409241e-09
5.850000000000000000e+01 -9.313225746154785156e-08
5.900000000000000000e+01 0.000000000000000000e+00
5.950000000000000000e+01 -1.629814505577087402e-08
6.000000000000000000e+01 3.725290298461914062e-08
6.050000000000000000e+01 2.793967723846435547e-08
6.100000000000000000e+01 9.313225746154785156e-09
6.150000000000000000e+01 -1.629814505577087402e-08
6.200000000000000000e+01 -2.153683453798294067e-08
6.250000000000000000e+01 0.000000000000000000e+00
6.300000000000000000e+01 5.122274160385131836e-08
6.350000000000000000e+01 2.095475792884826660e-08
6.400000000000000000e+01 -6.519258022308349609e-08
6.450000000000000000e+01 -5.355104804039001465e-08
