-5.000000000000000000e+00 5.122274160385131836e-08
-4.500000000000000000e+00 -1.586158759891986847e-07
-4.000000000000000000e+00 1.011358108371496201e-07
-3.500000000000000000e+00 -2.328306436538696289e-09
-3.000000000000000000e+00 2.211891114711761475e-08
-2.500000000000000000e+00 -3.288732841610908508e-08
-2.000000000000000000e+00 -2.793967723846435547e-08
-1.500000000000000000e+00 6.973277777433395386e-07
-1.000000000000000000e+00 1.895648892968893051e-03
-5.000000000000000000e-01 2.057826519012451172e-01
0.000000000000000000e+00 9.718257784843444824e-01
5.000000000000000000e-01 1.100035458803176880e-01
1.000000000000000000e+00 -1.135239750146865845e-01
1.500000000000000000e+00 -2.348208567127585411e-03
2.000000000000000000e+00 8.182954974472522736e-03
2.500000000000000000e+00 -9.799282997846603394e-03
3.000000000000000000e+00 1.217924058437347412e-02
3.500000000000000000e+00 2.449650913476943970e-01
4.000000000000000000e+00 1.733616739511489868e-01
4.500000000000000000e+00 4.667938686907291412e-03
5.000000000000000000e+00 -2.112638019025325775e-02
5.500000000000000000e+00 -6.361794471740722656e-02
6.000000000000000000e+00 -2.565119415521621704e-02
6.500000000000000000e+00 1.445013843476772308e-02
7.000000000000000000e+00 1.035574078559875488e-01
7.500000000000000000e+00 3.378205746412277222e-02
8.000000000000000000e+00 -1.503855688497424126e-03
8.500000000000000000e+00 -3.689112514257431030e-02
9.000000000000000000e+00 -5.928777530789375305e-02
9.500000000000000000e+00 -3.051763027906417847e-02
1.000000000000000000e+01 -1.401475281454622746e-03
1.050000000000000000e+01 1.983396708965301514e-02
1.100000000000000000e+01 5.535461753606796265e-02
1.150000000000000000e+01 1.130190342664718628e-01
1.200000000000000000e+01 1.071431785821914673e-01
1.250000000000000000e+01 -8.958973921835422516e-03
1.300000000000000000e+01 -5.416233092546463013e-02
1.350000000000000000e+01 -2.947265282273292542e-02
1.400000000000000000e+01 -1.350987935438752174e-03
1.450000000000000000e+01 5.832908209413290024e-03
1.500000000000000000e+01 -3.095101565122604370e-02
1.550000000000000000e+01 -8.762663602828979492e-02
1.600000000000000000e+01 -2.355073392391204834e-02
1.650000000000000000e+01 -1.992400735616683960e-02
1.700000000000000000e+01 -3.112562000751495361e-03
1.750000000000000000e+01 -2.271091379225254059e-02
1.800000000000000000e+01 -1.690381020307540894e-02
1.850000000000000000e+01 2.640075050294399261e-03
1.900000000000000000e+01 3.811009228229522705e-02
1.950000000000000000e+01 9.288967400789260864e-02
2.000000000000000000e+01 3.271773457527160645e-02
2.050000000000000000e+01 -9.058721363544464111e-02
2.100000000000000000e+01 -1.713148951530456543e-01
2.150000000000000000e+01 -1.204604748636484146e-02
2.200000000000000000e+01 3.021948039531707764e-02
2.250000000000000000e+01 1.195522546768188477e-01
2.300000000000000000e+01 7.373946905136108398e-02
2.350000000000000000e+01 1.808934658765792847e-02
2.400000000000000000e+01 -1.500418758951127529e-03
2.450000000000000000e+01 -8.352643251419067383e-02
2.500000000000000000e+01 -1.529959440231323242e-01
2.550000000000000000e+01 5.229401867836713791e-03
2.600000000000000000e+01 1.111159566789865494e-02
2.650000000000000000e+01 6.581881642341613770e-02
2.700000000000000000e+01 6.946183741092681885e-02
2.750000000000000000e+01 -6.952890544198453426e-05
2.800000000000000000e+01 -3.504991531372070312e-02
2.850000000000000000e+01 -1.176297850906848907e-02
2.900000000000000000e+01 1.955568417906761169e-02
2.950000000000000000e+01 1.074886694550514221e-02
3.000000000000000000e+01 1.649513607844710350e-03
3.050000000000000000e+01 1.640194840729236603e-02
3.100000000000000000e+01 -3.383017703890800476e-02
3.150000000000000000e+01 -2.897401340305805206e-02
3.200000000000000000e+01 -4.307765513658523560e-02
3.250000000000000000e+01 -3.278984222561120987e-03
3.300000000000000000e+01 8.846830576658248901e-03
3.350000000000000000e+01 1.000889576971530914e-03
3.400000000000000000e+01 5.687478114850819111e-04
3.450000000000000000e+01 1.283593010157346725e-02
3.500000000000000000e+01 1.276752818375825882e-02
3.550000000000000000e+01 -3.425173461437225342e-03
3.600000000000000000e+01 -9.877493605017662048e-03
3.650000000000000000e+01 2.848313748836517334e-02
3.700000000000000000e+01 9.165889024734497070e-02
3.750000000000000000e+01 1.361600123345851898e-02
3.800000000000000000e+01 3.954227268695831299e-02
3.850000000000000000e+01 2.862084656953811646e-02
3.900000000000000000e+01 -2.547619864344596863e-02
3.950000000000000000e+01 -1.170595586299896240e-01
4.000000000000000000e+01 -2.276610955595970154e-02
4.050000000000000000e+01 3.185172379016876221e-02
4.100000000000000000e+01 1.063943654298782349e-01
4.150000000000000000e+01 6.293082144111394882e-03
4.200000000000000000e+01 9.316302835941314697e-03
4.250000000000000000e+01 1.889262907207012177e-02
4.300000000000000000e+01 -1.039289403706789017e-03
4.350000000000000000e+01 -5.104481428861618042e-02
4.400000000000000000e+01 -5.501781404018402100e-02
4.450000000000000000e+01 -2.146040555089712143e-03
4.500000000000000000e+01 2.949703112244606018e-02
4.550000000000000000e+01 5.734368413686752319e-02
4.600000000000000000e+01 1.256886124610900879e-01
4.650000000000000000e+01 4.065692424774169922e-02
4.700000000000000000e+01 -2.711229608394205570e-04
4.750000000000000000e+01 -6.621751002967357635e-03
4.800000000000000000e+01 -1.236082520335912704e-02
4.850000000000000000e+01 4.239995614625513554e-04
4.900000000000000000e+01 3.411660343408584595e-02
4.950000000000000000e+01 4.306416213512420654e-02
5.000000000000000000e+01 5.842880345880985260e-03
5.050000000000000000e+01 4.324909672141075134e-02
5.100000000000000000e+01 5.905907601118087769e-02
5.150000000000000000e+01 3.546942025423049927e-03
5.200000000000000000e+01 9.345822036266326904e-06
5.250000000000000000e+01 -2.095475792884826660e-08
5.300000000000000000e+01 -4.423782229423522949e-08
5.350000000000000000e+01 2.444721758365631104e-08
5.400000000000000000e+01 3.317836672067642212e-08
5.450000000000000000e+01 -3.725290298461914062e-08
5.500000000000000000e+01 1.024454832077026367e-07
5.550000000000000000e+01 1.315493136644363403e-07
5.600000000000000000e+01 -4.714820533990859985e-08
5.650000000000000000e+01 -1.327134668827056885e-07
5.700000000000000000e+01 -4.889443516731262207e-08
5.750000000000000000e+01 1.276930561289191246e-07
5.800000000000000000e+01 -8.847564458847045898e-08
5.850000000000000000e+01 9.313225746154785156e-09
5.900000000000000000e+01 -1.018634065985679626e-09
5.950000000000000000e+01 -1.804437488317489624e-08
6.000000000000000000e+01 2.328306436538696289e-08
6.050000000000000000e+01 1.164153218269348145e-08
6.100000000000000000e+01 1.600710675120353699e-08
6.150000000000000000e+01 -8.702045306563377380e-08
6.200000000000000000e+01 1.629814505577087402e-08
6.250000000000000000e+01 8.381903171539306641e-08
6.300000000000000000e+01 0.000000000000000000e+00
6.350000000000000000e+01 5.355104804039001465e-08
6.400000000000000000e+01 -5.122274160385131836e-08
6.450000000000000000e+01 -1.047737896442413330e-07
