-5.000000000000000000e+00 -2.386514097452163696e-08
-4.500000000000000000e+00 -1.123407855629920959e-07
-4.000000000000000000e+00 6.286427378654479980e-08
-3.500000000000000000e+00 -5.820766091346740723e-10
-3.000000000000000000e+00 5.296897143125534058e-08
-2.500000000000000000e+00 -4.183675628155469894e-08
-2.000000000000000000e+00 -7.707114946242654696e-08
-1.500000000000000000e+00 7.622293196618556976e-07
-1.000000000000000000e+00 1.900346484035253525e-03
-5.000000000000000000e-01 2.070302963256835938e-01
0.000000000000000000e+00 1.004406809806823730e+00
5.000000000000000000e-01 2.129294276237487793e-01
1.000000000000000000e+00 -1.253134608268737793e-01
1.500000000000000000e+00 -2.606087923049926758e-02
2.000000000000000000e+00 1.082770451903343201e-01
2.500000000000000000e+00 3.211427107453346252e-02
3.000000000000000000e+00 -2.986362576484680176e-02
3.500000000000000000e+00 1.888244599103927612e-01
4.000000000000000000e+00 1.604678332805633545e-01
4.500000000000000000e+00 2.292447537183761597e-02
5.000000000000000000e+00 -2.224229276180267334e-02
5.500000000000000000e+00 -4.220635443925857544e-02
6.000000000000000000e+00 -1.304477802477777004e-03
6.500000000000000000e+00 4.305959492921829224e-02
7.000000000000000000e+00 7.556976377964019775e-02
7.500000000000000000e+00 9.630364365875720978e-03
8.000000000000000000e+00 -5.359542369842529297e-02
8.500000000000000000e+00 -8.318256586790084839e-03
9.000000000000000000e+00 5.069870129227638245e-02
9.500000000000000000e+00 -1.112824119627475739e-02
1.000000000000000000e+01 -1.111334636807441711e-01
1.050000000000000000e+01 -1.276018563657999039e-02
1.100000000000000000e+01 1.504788268357515335e-02
1.150000000000000000e+01 2.555073238909244537e-03
1.200000000000000000e+01 8.645437657833099365e-03
1.250000000000000000e+01 3.211954236030578613e-02
1.300000000000000000e+01 6.219775229692459106e-02
1.350000000000000000e+01 -2.843827242031693459e-03
1.400000000000000000e+01 -1.943190209567546844e-02
1.450000000000000000e+01 -1.087813451886177063e-01
1.500000000000000000e+01 -1.831072419881820679e-01
1.550000000000000000e+01 -1.855467446148395538e-02
1.600000000000000000e+01 -2.297350764274597168e-02
1.650000000000000000e+01 -7.904574275016784668e-03
1.700000000000000000e+01 2.136857807636260986e-02
1.750000000000000000e+01 2.154482528567314148e-02
1.800000000000000000e+01 -2.593925455585122108e-03
1.850000000000000000e+01 -5.302883684635162354e-02
1.900000000000000000e+01 -4.517156630754470825e-02
1.950000000000000000e+01 -1.277464255690574646e-02
2.000000000000000000e+01 -1.326845288276672363e-01
2.050000000000000000e+01 -7.084586471319198608e-02
2.100000000000000000e+01 8.412588387727737427e-03
2.150000000000000000e+01 2.573256194591522217e-02
2.200000000000000000e+01 2.214426058344542980e-04
2.250000000000000000e+01 -2.562747895717620850e-02
2.300000000000000000e+01 -1.120022032409906387e-02
2.350000000000000000e+01 6.601713132113218307e-03
2.400000000000000000e+01 3.402576548978686333e-03
2.450000000000000000e+01 -1.763119921088218689e-02
2.500000000000000000e+01 -5.548334121704101562e-02
2.550000000000000000e+01 -6.537798326462507248e-03
2.600000000000000000e+01 1.287460792809724808e-02
2.650000000000000000e+01 5.063801538199186325e-03
2.700000000000000000e+01 5.563108134083449841e-04
2.750000000000000000e+01 5.716471001505851746e-03
2.800000000000000000e+01 3.059785813093185425e-03
2.850000000000000000e+01 7.354967237915843725e-05
2.900000000000000000e+01 8.068040478974580765e-04
2.950000000000000000e+01 1.836411282420158386e-02
3.000000000000000000e+01 1.836430653929710388e-02
3.050000000000000000e+01 6.668764399364590645e-04
3.100000000000000000e+01 -8.135929703712463379e-03
3.150000000000000000e+01 -2.077952213585376740e-02
3.200000000000000000e+01 -2.321401843801140785e-03
3.250000000000000000e+01 2.170768566429615021e-03
3.300000000000000000e+01 2.196740359067916870e-02
3.350000000000000000e+01 1.044446136802434921e-02
3.400000000000000000e+01 2.388619177509099245e-04
3.450000000000000000e+01 1.303827957599423826e-06
3.500000000000000000e+01 4.019084153696894646e-04
3.550000000000000000e+01 7.251925766468048096e-03
3.600000000000000000e+01 2.914120629429817200e-02
3.650000000000000000e+01 4.370064288377761841e-02
3.700000000000000000e+01 -7.951348088681697845e-03
3.750000000000000000e+01 -3.332617226988077164e-03
3.800000000000000000e+01 -8.333841105923056602e-04
3.850000000000000000e+01 -1.802096702158451080e-02
3.900000000000000000e+01 -1.958398148417472839e-02
3.950000000000000000e+01 -1.105175353586673737e-02
4.000000000000000000e+01 -2.941187703981995583e-03
4.050000000000000000e+01 2.964856685139238834e-05
4.100000000000000000e+01 5.301655735820531845e-03
4.150000000000000000e+01 1.850232668220996857e-02
4.200000000000000000e+01 2.093444811180233955e-03
4.250000000000000000e+01 -1.286807004362344742e-02
4.300000000000000000e+01 -1.384350005537271500e-02
4.350000000000000000e+01 7.589765824377536774e-03
4.400000000000000000e+01 2.046053856611251831e-02
4.450000000000000000e+01 -1.679177861660718918e-03
4.500000000000000000e+01 -4.693738371133804321e-02
4.550000000000000000e+01 -7.121176272630691528e-02
4.600000000000000000e+01 -7.478067651391029358e-03
4.650000000000000000e+01 -2.062478568404912949e-03
4.700000000000000000e+01 -9.657012298703193665e-03
4.750000000000000000e+01 -3.928834339603781700e-04
4.800000000000000000e+01 1.453585177659988403e-02
4.850000000000000000e+01 5.699563771486282349e-03
4.900000000000000000e+01 9.851395589066669345e-05
4.950000000000000000e+01 2.490574261173605919e-04
5.000000000000000000e+01 5.655485205352306366e-03
5.050000000000000000e+01 3.275484777987003326e-03
5.100000000000000000e+01 -2.884957939386367798e-02
5.150000000000000000e+01 -1.557476818561553955e-02
5.200000000000000000e+01 -3.662495873868465424e-04
5.250000000000000000e+01 -3.958120942115783691e-07
5.300000000000000000e+01 -9.546056389808654785e-08
5.350000000000000000e+01 5.587935447692871094e-08
5.400000000000000000e+01 2.561137080192565918e-08
5.450000000000000000e+01 -7.916241884231567383e-08
5.500000000000000000e+01 5.587935447692871094e-08
5.550000000000000000e+01 1.024454832077026367e-07
5.600000000000000000e+01 -6.839400157332420349e-09
5.650000000000000000e+01 -9.313225746154785156e-08
5.700000000000000000e+01 -3.085006028413772583e-08
5.750000000000000000e+01 1.123407855629920959e-07
5.800000000000000000e+01 -6.286427378654479980e-08
5.850000000000000000e+01 -8.381903171539306641e-08
5.900000000000000000e+01 -1.047737896442413330e-08
5.950000000000000000e+01 -1.164153218269348145e-08
6.000000000000000000e+01 2.793967723846435547e-08
6.050000000000000000e+01 6.635673344135284424e-08
6.100000000000000000e+01 2.328306436538696289e-08
6.150000000000000000e+01 -8.614733815193176270e-08
6.200000000000000000e+01 5.587935447692871094e-08
6.250000000000000000e+01 3.085006028413772583e-08
6.300000000000000000e+01 -3.230525180697441101e-08
6.350000000000000000e+01 1.629814505577087402e-08
6.400000000000000000e+01 -7.217749953269958496e-08
6.450000000000000000e+01 -6.868503987789154053e-08
