-5.000000000000000000e+00 4.773028194904327393e-08
-4.500000000000000000e+00 -7.450580596923828125e-08
-4.000000000000000000e+00 3.870809450745582581e-08
-3.500000000000000000e+00 -1.102307578548789024e-08
-3.000000000000000000e+00 4.481989890336990356e-08
-2.500000000000000000e+00 0.000000000000000000e+00
-2.000000000000000000e+00 -4.889443516731262207e-08
-1.500000000000000000e+00 6.752088665962219238e-07
-1.000000000000000000e+00 1.672259531915187836e-03
-5.000000000000000000e-01 1.834656447172164917e-01
0.000000000000000000e+00 9.092944264411926270e-01
5.000000000000000000e-01 2.151744663715362549e-01
1.000000000000000000e+00 -8.561918139457702637e-02
1.500000000000000000e+00 -2.457361482083797455e-02
2.000000000000000000e+00 4.896841943264007568e-02
2.500000000000000000e+00 1.239476539194583893e-02
3.000000000000000000e+00 8.278906345367431641e-03
3.500000000000000000e+00 3.065970838069915771e-01
4.000000000000000000e+00 1.413194388151168823e-01
4.500000000000000000e+00 6.115041673183441162e-03
5.000000000000000000e+00 8.421381062362343073e-05
5.500000000000000000e+00 -1.147989998571574688e-03
6.000000000000000000e+00 -1.002072170376777649e-02
6.500000000000000000e+00 5.909324623644351959e-03
7.000000000000000000e+00 2.441562898457050323e-02
7.500000000000000000e+00 -1.601254567503929138e-02
8.000000000000000000e+00 -4.285033792257308960e-02
8.500000000000000000e+00 9.901169687509536743e-03
9.000000000000000000e+00 4.359115660190582275e-02
9.500000000000000000e+00 -9.065603837370872498e-03
1.000000000000000000e+01 -7.292509078979492188e-02
1.050000000000000000e+01 -4.448516294360160828e-02
1.100000000000000000e+01 8.114128373563289642e-03
1.150000000000000000e+01 1.871138345450162888e-03
1.200000000000000000e+01 7.947184145450592041e-02
1.250000000000000000e+01 9.462248533964157104e-02
1.300000000000000000e+01 1.068451907485723495e-02
1.350000000000000000e+01 1.770574599504470825e-03
1.400000000000000000e+01 -6.411309354007244110e-03
1.450000000000000000e+01 -2.914343215525150299e-02
1.500000000000000000e+01 -9.817920625209808350e-02
1.550000000000000000e+01 -1.770988106727600098e-01
1.600000000000000000e+01 -3.178329765796661377e-02
1.650000000000000000e+01 1.604331284761428833e-02
1.700000000000000000e+01 7.864933460950851440e-02
1.750000000000000000e+01 1.604419015347957611e-02
1.800000000000000000e+01 -3.491938579827547073e-03
1.850000000000000000e+01 -3.145647421479225159e-02
1.900000000000000000e+01 -2.260541915893554688e-02
1.950000000000000000e+01 -1.606324687600135803e-02
2.000000000000000000e+01 -6.045004725456237793e-02
2.050000000000000000e+01 -1.249698363244533539e-02
2.100000000000000000e+01 1.364691182971000671e-03
2.150000000000000000e+01 1.086690369993448257e-02
2.200000000000000000e+01 2.157444134354591370e-02
2.250000000000000000e+01 1.680539734661579132e-02
2.300000000000000000e+01 8.271925151348114014e-03
2.350000000000000000e+01 8.640239248052239418e-04
2.400000000000000000e+01 -3.151741810142993927e-03
2.450000000000000000e+01 -3.254058957099914551e-02
2.500000000000000000e+01 -2.391418814659118652e-02
2.550000000000000000e+01 8.290432393550872803e-03
2.600000000000000000e+01 4.616190120577812195e-02
2.650000000000000000e+01 -2.617813181132078171e-03
2.700000000000000000e+01 -3.928821533918380737e-03
2.750000000000000000e+01 2.288867719471454620e-02
2.800000000000000000e+01 2.682485431432723999e-02
2.850000000000000000e+01 -3.287975676357746124e-03
2.900000000000000000e+01 3.103738464415073395e-02
2.950000000000000000e+01 4.793515428900718689e-02
3.000000000000000000e+01 -9.578584693372249603e-03
3.050000000000000000e+01 -1.399713475257158279e-02
3.100000000000000000e+01 -7.725683972239494324e-04
3.150000000000000000e+01 -6.823404692113399506e-03
3.200000000000000000e+01 -2.378031238913536072e-02
3.250000000000000000e+01 3.877834533341228962e-04
3.300000000000000000e+01 2.388926595449447632e-02
3.350000000000000000e+01 6.344045978039503098e-03
3.400000000000000000e+01 4.950602888129651546e-04
3.450000000000000000e+01 6.988781969994306564e-03
3.500000000000000000e+01 3.971478901803493500e-03
3.550000000000000000e+01 -1.378024742007255554e-02
3.600000000000000000e+01 -6.989883724600076675e-03
3.650000000000000000e+01 1.238953135907649994e-02
3.700000000000000000e+01 3.958297893404960632e-02
3.750000000000000000e+01 9.979212656617164612e-03
3.800000000000000000e+01 1.237980904988944530e-04
3.850000000000000000e+01 1.063333314732517465e-07
3.900000000000000000e+01 -5.391783815866801888e-06
3.950000000000000000e+01 6.863934686407446861e-05
4.000000000000000000e+01 2.574182674288749695e-02
4.050000000000000000e+01 3.381428122520446777e-02
4.100000000000000000e+01 5.354741588234901428e-03
4.150000000000000000e+01 9.690981823951005936e-04
4.200000000000000000e+01 -3.158766776323318481e-02
4.250000000000000000e+01 -1.474086008965969086e-02
4.300000000000000000e+01 8.190275169909000397e-03
4.350000000000000000e+01 3.342874813824892044e-03
4.400000000000000000e+01 5.852813046658411622e-05
4.450000000000000000e+01 6.300176028162240982e-04
4.500000000000000000e+01 1.780619844794273376e-02
4.550000000000000000e+01 2.265337854623794556e-02
4.600000000000000000e+01 1.286458224058151245e-02
4.650000000000000000e+01 5.696124583482742310e-02
4.700000000000000000e+01 1.776419021189212799e-02
4.750000000000000000e+01 1.134486636146903038e-03
4.800000000000000000e+01 6.387908011674880981e-03
4.850000000000000000e+01 4.263334721326828003e-02
4.900000000000000000e+01 3.086268715560436249e-02
4.950000000000000000e+01 7.594157941639423370e-03
5.000000000000000000e+01 5.260193347930908203e-02
5.050000000000000000e+01 5.785603821277618408e-02
5.100000000000000000e+01 -7.044486701488494873e-03
5.150000000000000000e+01 -7.295794785022735596e-03
5.200000000000000000e+01 -1.733144745230674744e-04
5.250000000000000000e+01 -1.792795956134796143e-07
5.300000000000000000e+01 -1.746229827404022217e-08
5.350000000000000000e+01 8.614733815193176270e-08
5.400000000000000000e+01 -4.612957127392292023e-08
5.450000000000000000e+01 -7.450580596923828125e-08
5.500000000000000000e+01 8.381903171539306641e-08
5.550000000000000000e+01 1.245643943548202515e-07
5.600000000000000000e+01 1.626176526769995689e-08
5.650000000000000000e+01 -5.166839400772005320e-08
5.700000000000000000e+01 -2.153683453798294067e-08
5.750000000000000000e+01 1.044827513396739960e-07
5.800000000000000000e+01 -3.608874976634979248e-08
5.850000000000000000e+01 -5.005858838558197021e-08
5.900000000000000000e+01 6.984919309616088867e-09
5.950000000000000000e+01 -3.899913281202316284e-08
6.000000000000000000e+01 8.149072527885437012e-09
6.050000000000000000e+01 6.868503987789154053e-08
6.100000000000000000e+01 4.656612873077392578e-08
6.150000000000000000e+01 -7.916241884231567383e-08
6.200000000000000000e+01 1.666194293648004532e-08
6.250000000000000000e+01 4.307366907596588135e-08
6.300000000000000000e+01 1.396983861923217773e-08
6.350000000000000000e+01 2.793967723846435547e-08
6.400000000000000000e+01 -6.170012056827545166e-08
6.450000000000000000e+01 -5.849869921803474426e-08
