-5.000000000000000000e+00 -1.614098064601421356e-02
-4.960000038146972656e+00 -1.969715207815170288e-02
-4.920000076293945312e+00 -2.345883287489414215e-02
-4.880000114440917969e+00 -2.731684595346450806e-02
-4.840000152587890625e+00 -3.113954514265060425e-02
-4.800000190734863281e+00 -3.478229418396949768e-02
-4.760000228881835938e+00 -3.809769824147224426e-02
-4.719999790191650391e+00 -4.094570502638816833e-02
-4.679999828338623047e+00 -4.320239275693893433e-02
-4.639999866485595703e+00 -4.476722329854965210e-02
-4.599999904632568359e+00 -4.556814208626747131e-02
-4.559999942779541016e+00 -4.556464403867721558e-02
-4.519999980926513672e+00 -4.474935680627822876e-02
-4.480000019073486328e+00 -4.314792528748512268e-02
-4.440000057220458984e+00 -4.081784561276435852e-02
-4.400000095367431641e+00 -3.784623369574546814e-02
-4.360000133514404297e+00 -3.434639051556587219e-02
-4.320000171661376953e+00 -3.045303747057914734e-02
-4.279999732971191406e+00 -2.631630003452301025e-02
-4.239999771118164062e+00 -2.209387533366680145e-02
-4.199999809265136719e+00 -1.794222183525562286e-02
-4.159999847412109375e+00 -1.400676649063825607e-02
-4.119999885559082031e+00 -1.041233446449041367e-02
-4.079999923706054688e+00 -7.254467811435461044e-03
-4.039999961853027344e+00 -4.592991434037685394e-03
-4.000000000000000000e+00 -2.448589541018009186e-03
-3.960000038146972656e+00 -8.030371391214430332e-04
-3.920000076293945312e+00 3.968542150687426329e-04
-3.880000114440917969e+00 1.231804024428129196e-03
-3.840000152587890625e+00 1.800067606382071972e-03
-3.799999952316284180e+00 2.206074073910713196e-03
-3.759999990463256836e+00 2.549099037423729897e-03
-3.720000028610229492e+00 2.913101809099316597e-03
-3.679999828338623047e+00 3.359030000865459442e-03
-3.639999866485595703e+00 3.920159302651882172e-03
-3.599999904632568359e+00 4.600831307470798492e-03
-3.559999942779541016e+00 5.378388334065675735e-03
-3.519999980926513672e+00 6.207840051501989365e-03
-3.480000019073486328e+00 7.028788793832063675e-03
-3.440000057220458984e+00 7.773239631205797195e-03
-3.400000095367431641e+00 8.374009281396865845e-03
-3.360000133514404297e+00 8.772701025009155273e-03
-3.320000171661376953e+00 8.926547132432460785e-03
-3.279999971389770508e+00 8.813729509711265564e-03
-3.240000009536743164e+00 8.436648175120353699e-03
-3.200000047683715820e+00 7.823009043931961060e-03
-3.159999847412109375e+00 7.024371065199375153e-03
-3.119999885559082031e+00 6.112645845860242844e-03
-3.079999923706054688e+00 5.174173042178153992e-03
-3.039999961853027344e+00 4.302428569644689560e-03
-3.000000000000000000e+00 3.589393105357885361e-03
-2.960000038146972656e+00 3.116988111287355423e-03
-2.920000076293945312e+00 2.948647132143378258e-03
-2.880000114440917969e+00 3.122794674709439278e-03
-2.839999914169311523e+00 3.648134181275963783e-03
-2.799999952316284180e+00 4.501963965594768524e-03
-2.759999990463256836e+00 5.631337407976388931e-03
-2.720000028610229492e+00 6.957411300390958786e-03
-2.680000066757202148e+00 8.382235653698444366e-03
-2.640000104904174805e+00 9.797859936952590942e-03
-2.599999904632568359e+00 1.109610404819250107e-02
-2.559999942779541016e+00 1.217899285256862640e-02
-2.519999980926513672e+00 1.296797394752502441e-02
-2.480000019073486328e+00 1.341145019978284836e-02
-2.440000057220458984e+00 1.348980236798524857e-02
-2.400000095367431641e+00 1.321731694042682648e-02
-2.359999895095825195e+00 1.264118868857622147e-02
-2.319999933242797852e+00 1.183741260319948196e-02
-2.279999971389770508e+00 1.090441737323999405e-02
-2.240000009536743164e+00 9.954828768968582153e-03
-2.200000047683715820e+00 9.106677956879138947e-03
-2.160000085830688477e+00 8.474420756101608276e-03
-2.119999885559082031e+00 8.160985074937343597e-03
-2.079999923706054688e+00 8.251096121966838837e-03
-2.039999961853027344e+00 8.806380443274974823e-03
-2.000000000000000000e+00 9.862395003437995911e-03
-1.960000038146972656e+00 1.142745185643434525e-02
-1.920000076293945312e+00 1.348288543522357941e-02
-1.880000114440917969e+00 1.598479039967060089e-02
-1.839999914169311523e+00 1.886662840843200684e-02
-1.799999952316284180e+00 2.204253152012825012e-02
-1.759999990463256836e+00 2.541122399270534515e-02
-1.720000028610229492e+00 2.886002138257026672e-02
-1.680000066757202148e+00 3.226904943585395813e-02
-1.640000104904174805e+00 3.551543131470680237e-02
-1.599999904632568359e+00 3.847716003656387329e-02
-1.559999942779541016e+00 4.103695973753929138e-02
-1.519999980926513672e+00 4.308564588427543640e-02
-1.480000019073486328e+00 4.452541843056678772e-02
-1.440000057220458984e+00 4.527306184172630310e-02
-1.400000095367431641e+00 4.526324197649955750e-02
-1.359999895095825195e+00 4.445187374949455261e-02
-1.319999933242797852e+00 4.281974956393241882e-02
-1.279999971389770508e+00 4.037595167756080627e-02
-1.240000009536743164e+00 3.716107085347175598e-02
-1.200000047683715820e+00 3.324917703866958618e-02
-1.160000085830688477e+00 2.874873019754886627e-02
-1.119999885559082031e+00 2.380132488906383514e-02
-1.079999923706054688e+00 1.857890561223030090e-02
-1.039999961853027344e+00 1.327965036034584045e-02
-1.000000000000000000e+00 8.123773150146007538e-03
-9.600000381469726562e-01 3.350642276927828789e-03
-9.200000762939453125e-01 -7.809834205545485020e-04
-8.800001144409179688e-01 -3.988202195614576340e-03
-8.400001525878906250e-01 -5.954215303063392639e-03
-8.000001907348632812e-01 -6.314065307378768921e-03
-7.600002288818359375e-01 -4.638252314180135727e-03
-7.199997901916503906e-01 -4.185230936855077744e-04
-6.799998283386230469e-01 6.939212325960397720e-03
-6.399998664855957031e-01 1.810798048973083496e-02
-5.999999046325683594e-01 3.381382673978805542e-02
-5.599999427795410156e-01 5.478649586439132690e-02
-5.199999809265136719e-01 8.168562501668930054e-02
-4.800000190734863281e-01 1.150064021348953247e-01
-4.400000572204589844e-01 1.549720466136932373e-01
-4.000000953674316406e-01 2.014259546995162964e-01
-3.600001335144042969e-01 2.537398636341094971e-01
-3.200001716613769531e-01 3.107538521289825439e-01
-2.800002098083496094e-01 3.707656264305114746e-01
-2.399997711181640625e-01 4.315780401229858398e-01
-1.999998092651367188e-01 4.906111955642700195e-01
-1.599998474121093750e-01 5.450715422630310059e-01
-1.199998855590820312e-01 5.921657085418701172e-01
-7.999992370605468750e-02 6.293352246284484863e-01
-3.999996185302734375e-02 6.544864773750305176e-01
0.000000000000000000e+00 6.661844253540039062e-01
3.999996185302734375e-02 6.637886166572570801e-01
7.999992370605468750e-02 6.475104689598083496e-01
1.199998855590820312e-01 6.183869242668151855e-01
1.599998474121093750e-01 5.781739354133605957e-01
1.999998092651367188e-01 5.291755795478820801e-01
2.399997711181640625e-01 4.740309119224548340e-01
2.800002098083496094e-01 4.154863655567169189e-01
3.200001716613769531e-01 3.561803996562957764e-01
3.600001335144042969e-01 2.984635531902313232e-01
4.000000953674316406e-01 2.442684471607208252e-01
4.400000572204589844e-01 1.950384676456451416e-01
4.800000190734863281e-01 1.517134457826614380e-01
5.199999809265136719e-01 1.147651001811027527e-01
5.599999427795410156e-01 8.427020907402038574e-02
5.999999046325683594e-01 6.000760570168495178e-02
6.399998664855957031e-01 4.156449437141418457e-02
6.799998283386230469e-01 2.844033017754554749e-02
7.199997901916503906e-01 2.013792656362056732e-02
7.600002288818359375e-01 1.623525470495223999e-02
8.000001907348632812e-01 1.643312722444534302e-02
8.400001525878906250e-01 2.057691663503646851e-02
8.800001144409179688e-01 2.865187637507915497e-02
9.200000762939453125e-01 4.075361415743827820e-02
9.600000381469726562e-01 5.703680217266082764e-02
1.000000000000000000e+00 7.764729857444763184e-02
1.039999961853027344e+00 1.026443168520927429e-01
1.079999923706054688e+00 1.319216638803482056e-01
1.119999885559082031e+00 1.651375442743301392e-01
1.159999847412109375e+00 2.016633450984954834e-01
1.199999809265136719e+00 2.405604720115661621e-01
1.239999771118164062e+00 2.805918157100677490e-01
1.280000209808349609e+00 3.202711939811706543e-01
1.320000171661376953e+00 3.579481244087219238e-01
1.360000133514404297e+00 3.919219970703125000e-01
1.400000095367431641e+00 4.205726385116577148e-01
1.440000057220458984e+00 4.424943923950195312e-01
1.480000019073486328e+00 4.566159248352050781e-01
1.519999980926513672e+00 4.622920751571655273e-01
1.559999942779541016e+00 4.593563675880432129e-01
1.599999904632568359e+00 4.481279850006103516e-01
1.639999866485595703e+00 4.293731451034545898e-01
1.679999828338623047e+00 4.042266905307769775e-01
1.719999790191650391e+00 3.740853965282440186e-01
1.760000228881835938e+00 3.404854536056518555e-01
1.800000190734863281e+00 3.049800693988800049e-01
1.840000152587890625e+00 2.690288126468658447e-01
1.880000114440917969e+00 2.339096814393997192e-01
1.920000076293945312e+00 2.006597667932510376e-01
1.960000038146972656e+00 1.700457930564880371e-01
2.000000000000000000e+00 1.425630003213882446e-01
2.039999961853027344e+00 1.184575259685516357e-01
2.079999923706054688e+00 9.776542335748672485e-02
2.119999885559082031e+00 8.036176860332489014e-02
2.159999847412109375e+00 6.601281464099884033e-02
2.199999809265136719e+00 5.442572012543678284e-02
2.239999771118164062e+00 4.529151320457458496e-02
2.280000209808349609e+00 3.831841051578521729e-02
2.320000171661376953e+00 3.325396776199340820e-02
2.360000133514404297e+00 2.989554964005947113e-02
2.400000095367431641e+00 2.809047698974609375e-02
2.440000057220458984e+00 2.772666886448860168e-02
2.480000019073486328e+00 2.871691994369029999e-02
2.519999980926513672e+00 3.097957372665405273e-02
2.559999942779541016e+00 3.441844508051872253e-02
2.599999904632568359e+00 3.890573978424072266e-02
2.639999866485595703e+00 4.427000507712364197e-02
2.679999828338623047e+00 5.029188096523284912e-02
2.719999790191650391e+00 5.670767277479171753e-02
2.760000228881835938e+00 6.322149932384490967e-02
2.800000190734863281e+00 6.952375918626785278e-02
2.840000152587890625e+00 7.531404495239257812e-02
2.880000114440917969e+00 8.032525330781936646e-02
2.920000076293945312e+00 8.434553444385528564e-02
2.960000038146972656e+00 8.723514527082443237e-02
3.000000000000000000e+00 8.893583714962005615e-02
3.039999961853027344e+00 8.947142958641052246e-02
3.079999923706054688e+00 8.893970400094985962e-02
3.119999885559082031e+00 8.749651908874511719e-02
3.159999847412109375e+00 8.533471077680587769e-02
3.199999809265136719e+00 8.266025781631469727e-02
3.239999771118164062e+00 7.966908812522888184e-02
3.279999732971191406e+00 7.652736455202102661e-02
3.319999694824218750e+00 7.335718721151351929e-02
3.359999656677246094e+00 7.022962719202041626e-02
3.399999618530273438e+00 6.716479361057281494e-02
3.439999580383300781e+00 6.413893401622772217e-02
3.479999542236328125e+00 6.109666079282760620e-02
3.520000457763671875e+00 5.796676874160766602e-02
3.560000419616699219e+00 5.467927828431129456e-02
3.600000381469726562e+00 5.118150636553764343e-02
3.640000343322753906e+00 4.745150357484817505e-02
3.680000305175781250e+00 4.350728541612625122e-02
3.720000267028808594e+00 3.941098973155021667e-02
3.760000228881835938e+00 3.526765108108520508e-02
3.800000190734863281e+00 3.121925517916679382e-02
3.840000152587890625e+00 2.743460983037948608e-02
3.880000114440917969e+00 2.409703098237514496e-02
3.920000076293945312e+00 2.139156125485897064e-02
3.960000038146972656e+00 1.949355192482471466e-02
4.000000000000000000e+00 1.856099069118499756e-02
4.039999961853027344e+00 1.873121783137321472e-02
4.079999923706054688e+00 2.012328989803791046e-02
4.119999885559082031e+00 2.284461446106433868e-02
4.159999847412109375e+00 2.700084820389747620e-02
4.199999809265136719e+00 3.270560503005981445e-02
4.239999771118164062e+00 4.008706286549568176e-02
4.279999732971191406e+00 4.928752407431602478e-02
4.319999694824218750e+00 6.045357882976531982e-02
4.359999656677246094e+00 7.371522486209869385e-02
4.399999618530273438e+00 8.915449678897857666e-02
4.439999580383300781e+00 1.067669764161109924e-01
4.479999542236328125e+00 1.264210343360900879e-01
4.520000457763671875e+00 1.478217989206314087e-01
4.560000419616699219e+00 1.704872846603393555e-01
4.600000381469726562e+00 1.937432289123535156e-01
4.640000343322753906e+00 2.167420834302902222e-01
4.680000305175781250e+00 2.385066747665405273e-01
4.720000267028808594e+00 2.579969465732574463e-01
4.760000228881835938e+00 2.741934955120086670e-01
4.800000190734863281e+00 2.861877977848052979e-01
4.840000152587890625e+00 2.932686805725097656e-01
4.880000114440917969e+00 2.949928939342498779e-01
4.920000076293945312e+00 2.912306487560272217e-01
4.960000038146972656e+00 2.821796238422393799e-01
5.000000000000000000e+00 2.683456540107727051e-01
5.039999961853027344e+00 2.504936754703521729e-01
5.079999923706054688e+00 2.295744568109512329e-01
5.119999885559082031e+00 2.066389471292495728e-01
5.159999847412109375e+00 1.827484667301177979e-01
5.199999809265136719e+00 1.588937938213348389e-01
5.239999771118164062e+00 1.359287649393081665e-01
5.279999732971191406e+00 1.145252436399459839e-01
5.319999694824218750e+00 9.515024721622467041e-02
5.359999656677246094e+00 7.806382328271865845e-02
5.399999618530273438e+00 6.333446502685546875e-02
5.439999580383300781e+00 5.086633190512657166e-02
5.479999542236328125e+00 4.043329507112503052e-02
5.520000457763671875e+00 3.171469271183013916e-02
5.560000419616699219e+00 2.432909794151782990e-02
5.600000381469726562e+00 1.786398328840732574e-02
5.640000343322753906e+00 1.190014928579330444e-02
5.680000305175781250e+00 6.031559314578771591e-03
5.720000267028808594e+00 -1.185213768621906638e-04
5.760000228881835938e+00 -6.883353460580110550e-03
5.800000190734863281e+00 -1.453909836709499359e-02
5.840000152587890625e+00 -2.329083904623985291e-02
5.880000114440917969e+00 -3.325797617435455322e-02
5.920000076293945312e+00 -4.445983842015266418e-02
5.960000038146972656e+00 -5.680317804217338562e-02
6.000000000000000000e+00 -7.007411122322082520e-02
6.039999961853027344e+00 -8.393724262714385986e-02
6.079999923706054688e+00 -9.794452786445617676e-02
6.119999885559082031e+00 -1.115560084581375122e-01
6.159999847412109375e+00 -1.241720765829086304e-01
6.199999809265136719e+00 -1.351765841245651245e-01
6.239999771118164062e+00 -1.439867168664932251e-01
6.279999732971191406e+00 -1.501051783561706543e-01
6.319999694824218750e+00 -1.531681269407272339e-01
6.359999656677246094e+00 -1.529831141233444214e-01
6.399999618530273438e+00 -1.495518535375595093e-01
6.439999580383300781e+00 -1.430739015340805054e-01
6.479999542236328125e+00 -1.339311450719833374e-01
6.520000457763671875e+00 -1.226543709635734558e-01
6.560000419616699219e+00 -1.098763346672058105e-01
6.600000381469726562e+00 -9.627748280763626099e-02
6.640000343322753906e+00 -8.253050595521926880e-02
6.680000305175781250e+00 -6.925057619810104370e-02
6.720000267028808594e+00 -5.695616826415061951e-02
6.760000228881835938e+00 -4.604337736964225769e-02
6.800000190734863281e+00 -3.677504882216453552e-02
6.840000152587890625e+00 -2.928337454795837402e-02
6.880000114440917969e+00 -2.358352206647396088e-02
6.920000076293945312e+00 -1.959499344229698181e-02
6.960000038146972656e+00 -1.716658286750316620e-02
7.000000000000000000e+00 -1.610209606587886810e-02
7.039999961853027344e+00 -1.618420518934726715e-02
7.079999923706054688e+00 -1.719444803893566132e-02
7.119999885559082031e+00 -1.892904378473758698e-02
7.159999847412109375e+00 -2.120988629758358002e-02
7.199999809265136719e+00 -2.389109134674072266e-02
7.239999771118164062e+00 -2.686141990125179291e-02
7.279999732971191406e+00 -3.004276938736438751e-02
7.319999694824218750e+00 -3.338529542088508606e-02
7.359999656677246094e+00 -3.685937821865081787e-02
7.399999618530273438e+00 -4.044542089104652405e-02
7.439999580383300781e+00 -4.412202537059783936e-02
7.479999542236328125e+00 -4.785412922501564026e-02
7.520000457763671875e+00 -5.158246681094169617e-02
7.560000419616699219e+00 -5.521630868315696716e-02
7.600000381469726562e+00 -5.863039940595626831e-02
7.640000343322753906e+00 -6.166782230138778687e-02
7.680000305175781250e+00 -6.414858996868133545e-02
7.720000267028808594e+00 -6.588348001241683960e-02
7.760000228881835938e+00 -6.669217348098754883e-02
7.800000190734863281e+00 -6.642286479473114014e-02
7.840000152587890625e+00 -6.497136503458023071e-02
7.880000114440917969e+00 -6.229695677757263184e-02
7.920000076293945312e+00 -5.843257158994674683e-02
7.960000038146972656e+00 -5.348814651370048523e-02
8.000000000000000000e+00 -4.764617979526519775e-02
8.039999961853027344e+00 -4.115019738674163818e-02
8.079999923706054688e+00 -3.428728878498077393e-02
8.119999885559082031e+00 -2.736645005643367767e-02
8.159999847412109375e+00 -2.069542557001113892e-02
8.199999809265136719e+00 -1.455787941813468933e-02
8.239999771118164062e+00 -9.193258360028266907e-03
8.279999732971191406e+00 -4.780967719852924347e-03
8.319999694824218750e+00 -1.429613679647445679e-03
8.359999656677246094e+00 8.277691085822880268e-04
8.399999618530273438e+00 2.032677643001079559e-03
8.439999580383300781e+00 2.294594887644052505e-03
8.479999542236328125e+00 1.779732992872595787e-03
8.520000457763671875e+00 6.958962185308337212e-04
8.560000419616699219e+00 -7.251197821460664272e-04
8.600000381469726562e+00 -2.246497198939323425e-03
8.640000343322753906e+00 -3.645026125013828278e-03
8.680000305175781250e+00 -4.728188272565603256e-03
8.720000267028808594e+00 -5.348107777535915375e-03
8.760000228881835938e+00 -5.411445163190364838e-03
8.800000190734863281e+00 -4.884439054876565933e-03
8.840000152587890625e+00 -3.792689414694905281e-03
8.880000114440917969e+00 -2.215903718024492264e-03
8.920000076293945312e+00 -2.785322139970958233e-04
8.960000038146972656e+00 1.863106270320713520e-03
9.000000000000000000e+00 4.035409074276685715e-03
9.039999961853027344e+00 6.062630563974380493e-03
9.079999923706054688e+00 7.780930958688259125e-03
9.119999885559082031e+00 9.050233289599418640e-03
9.159999847412109375e+00 9.763000532984733582e-03
9.199999809265136719e+00 9.849353693425655365e-03
9.239999771118164062e+00 9.278392419219017029e-03
9.279999732971191406e+00 8.056068792939186096e-03
9.319999694824218750e+00 6.220206152647733688e-03
9.359999656677246094e+00 3.833657130599021912e-03
9.399999618530273438e+00 9.763283305801451206e-04
9.439999580383300781e+00 -2.262503141537308693e-03
9.479999542236328125e+00 -5.791070871055126190e-03
9.520000457763671875e+00 -9.520149789750576019e-03
9.560000419616699219e+00 -1.336624845862388611e-02
9.600000381469726562e+00 -1.725253462791442871e-02
9.640000343322753906e+00 -2.110823430120944977e-02
9.680000305175781250e+00 -2.486657723784446716e-02
9.720000267028808594e+00 -2.846262231469154358e-02
9.760000228881835938e+00 -3.183110803365707397e-02
9.800000190734863281e+00 -3.490570560097694397e-02
9.840000152587890625e+00 -3.761962428689002991e-02
9.880000114440917969e+00 -3.990825638175010681e-02
9.920000076293945312e+00 -4.171354323625564575e-02
9.960000038146972656e+00 -4.298953711986541748e-02
1.000000000000000000e+01 -4.370889812707901001e-02
1.003999996185302734e+01 -4.386847466230392456e-02
1.007999992370605469e+01 -4.349400103092193604e-02
1.011999988555908203e+01 -4.264186322689056396e-02
1.015999984741210938e+01 -4.139763116836547852e-02
1.019999980926513672e+01 -3.987135738134384155e-02
1.023999977111816406e+01 -3.818883374333381653e-02
1.027999973297119141e+01 -3.648084774613380432e-02
1.031999969482421875e+01 -3.486987948417663574e-02
1.035999965667724609e+01 -3.345784544944763184e-02
1.039999961853027344e+01 -3.231504932045936584e-02
1.043999958038330078e+01 -3.147228807210922241e-02
1.047999954223632812e+01 -3.091776929795742035e-02
1.052000045776367188e+01 -3.059828467667102814e-02
1.056000041961669922e+01 -3.042567521333694458e-02
1.060000038146972656e+01 -3.028664924204349518e-02
1.064000034332275391e+01 -3.005528450012207031e-02
1.068000030517578125e+01 -2.960619702935218811e-02
1.072000026702880859e+01 -2.882695011794567108e-02
1.076000022888183594e+01 -2.762842364609241486e-02
1.080000019073486328e+01 -2.595183439552783966e-02
1.084000015258789062e+01 -2.377258241176605225e-02
1.088000011444091797e+01 -2.110063657164573669e-02
1.092000007629394531e+01 -1.797804608941078186e-02
1.096000003814697266e+01 -1.447445154190063477e-02
1.100000000000000000e+01 -1.068133860826492310e-02
1.104000091552734375e+01 -6.705645471811294556e-03
1.107999992370605469e+01 -2.663719467818737030e-03
1.112000083923339844e+01 1.324469572864472866e-03
1.115999984741210938e+01 5.140146240592002869e-03
1.120000076293945312e+01 8.669802919030189514e-03
1.123999977111816406e+01 1.180821750313043594e-02
1.128000068664550781e+01 1.446069404482841492e-02
1.131999969482421875e+01 1.654454320669174194e-02
1.136000061035156250e+01 1.798991300165653229e-02
1.139999961853027344e+01 1.874016784131526947e-02
1.144000053405761719e+01 1.875224336981773376e-02
1.147999954223632812e+01 1.799733377993106842e-02
1.152000045776367188e+01 1.646191999316215515e-02
1.155999946594238281e+01 1.414990704506635666e-02
1.160000038146972656e+01 1.108548603951931000e-02
1.163999938964843750e+01 7.316908799111843109e-03
1.168000030517578125e+01 2.920072991400957108e-03
1.171999931335449219e+01 -1.997917424887418747e-03
1.176000022888183594e+01 -7.297188043594360352e-03
1.179999923706054688e+01 -1.280585862696170807e-02
1.184000015258789062e+01 -1.832422055304050446e-02
1.187999916076660156e+01 -2.363246865570545197e-02
1.192000007629394531e+01 -2.850229106843471527e-02
1.195999908447265625e+01 -3.271086141467094421e-02
1.200000000000000000e+01 -3.605689480900764465e-02
1.204000091552734375e+01 -3.837587311863899231e-02
1.207999992370605469e+01 -3.955355659127235413e-02
1.212000083923339844e+01 -3.953565657138824463e-02
1.215999984741210938e+01 -3.833235800266265869e-02
1.220000076293945312e+01 -3.601736202836036682e-02
1.223999977111816406e+01 -3.272140398621559143e-02
1.228000068664550781e+01 -2.862126380205154419e-02
1.231999969482421875e+01 -2.392539754509925842e-02
1.236000061035156250e+01 -1.885832101106643677e-02
1.239999961853027344e+01 -1.364508178085088730e-02
1.244000053405761719e+01 -8.497406728565692902e-03
1.247999954223632812e+01 -3.602759912610054016e-03
1.252000045776367188e+01 8.833325700834393501e-04
1.255999946594238281e+01 4.841326735913753510e-03
1.260000038146972656e+01 8.188681676983833313e-03
1.263999938964843750e+01 1.087797153741121292e-02
1.268000030517578125e+01 1.289311796426773071e-02
1.271999931335449219e+01 1.424427423626184464e-02
1.276000022888183594e+01 1.496168039739131927e-02
1.279999923706054688e+01 1.508959010243415833e-02
1.284000015258789062e+01 1.468034274876117706e-02
1.287999916076660156e+01 1.378900092095136642e-02
1.292000007629394531e+01 1.246941555291414261e-02
1.295999908447265625e+01 1.077154371887445450e-02
1.300000000000000000e+01 8.740778081119060516e-03
1.304000091552734375e+01 6.419207435101270676e-03
1.307999992370605469e+01 3.848735243082046509e-03
1.312000083923339844e+01 1.075655571185052395e-03
1.315999984741210938e+01 -1.844032667577266693e-03
1.320000076293945312e+01 -4.839452914893627167e-03
1.323999977111816406e+01 -7.820976898074150085e-03
1.328000068664550781e+01 -1.067870575934648514e-02
1.331999969482421875e+01 -1.328391488641500473e-02
1.336000061035156250e+01 -1.549412030726671219e-02
1.339999961853027344e+01 -1.716152764856815338e-02
1.344000053405761719e+01 -1.814444549381732941e-02
1.347999954223632812e+01 -1.832039840519428253e-02
1.352000045776367188e+01 -1.759966462850570679e-02
1.355999946594238281e+01 -1.593756303191184998e-02
1.360000038146972656e+01 -1.334397774189710617e-02
1.363999938964843750e+01 -9.888586588203907013e-03
1.368000030517578125e+01 -5.701140500605106354e-03
1.371999931335449219e+01 -9.660040377639234066e-04
1.376000022888183594e+01 4.088269546627998352e-03
1.379999923706054688e+01 9.204147383570671082e-03
1.384000015258789062e+01 1.411325763911008835e-02
1.387999916076660156e+01 1.855600997805595398e-02
1.392000007629394531e+01 2.230073139071464539e-02
1.395999908447265625e+01 2.516041696071624756e-02
1.400000000000000000e+01 2.700560539960861206e-02
1.404000091552734375e+01 2.777203917503356934e-02
1.407999992370605469e+01 2.746258303523063660e-02
1.412000083923339844e+01 2.614346332848072052e-02
1.415999984741210938e+01 2.393527515232563019e-02
1.420000076293945312e+01 2.100021950900554657e-02
1.423999977111816406e+01 1.752680540084838867e-02
1.428000068664550781e+01 1.371396984905004501e-02
1.431999969482421875e+01 9.756135754287242889e-03
1.436000061035156250e+01 5.830652546137571335e-03
1.439999961853027344e+01 2.088692970573902130e-03
1.444000053405761719e+01 -1.349998055957257748e-03
1.447999954223632812e+01 -4.398630931973457336e-03
1.452000045776367188e+01 -7.001427933573722839e-03
1.455999946594238281e+01 -9.129230864346027374e-03
1.460000038146972656e+01 -1.077372767031192780e-02
1.463999938964843750e+01 -1.194113958626985550e-02
1.468000030517578125e+01 -1.264646463096141815e-02
1.471999931335449219e+01 -1.290892809629440308e-02
1.476000022888183594e+01 -1.274910476058721542e-02
1.479999923706054688e+01 -1.218795310705900192e-02
1.484000015258789062e+01 -1.124762091785669327e-02
1.487999916076660156e+01 -9.954019449651241302e-03
1.492000007629394531e+01 -8.340262807905673981e-03
1.495999908447265625e+01 -6.450924091041088104e-03
1.500000000000000000e+01 -4.345920402556657791e-03
1.504000091552734375e+01 -2.103342674672603607e-03
1.507999992370605469e+01 1.793539995560422540e-04
1.512000083923339844e+01 2.386638196185231209e-03
1.515999984741210938e+01 4.389201756566762924e-03
1.520000076293945312e+01 6.050599273294210434e-03
1.523999977111816406e+01 7.236839737743139267e-03
1.528000068664550781e+01 7.827166467905044556e-03
1.531999969482421875e+01 7.725415285676717758e-03
1.536000061035156250e+01 6.870230659842491150e-03
1.539999961853027344e+01 5.243068095296621323e-03
1.544000053405761719e+01 2.872813260182738304e-03
1.547999954223632812e+01 -1.641276030568405986e-04
1.552000045776367188e+01 -3.747767303138971329e-03
1.555999946594238281e+01 -7.722719572484493256e-03
1.560000038146972656e+01 -1.190939452499151230e-02
1.563999938964843750e+01 -1.611704938113689423e-02
1.568000030517578125e+01 -2.015727572143077850e-02
1.571999931335449219e+01 -2.385640144348144531e-02
1.576000022888183594e+01 -2.706582099199295044e-02
1.579999923706054688e+01 -2.966914698481559753e-02
1.584000015258789062e+01 -3.158631548285484314e-02
1.587999916076660156e+01 -3.277455642819404602e-02
1.592000007629394531e+01 -3.322682157158851624e-02
1.595999908447265625e+01 -3.296859189867973328e-02
1.600000000000000000e+01 -3.205387294292449951e-02
1.604000091552734375e+01 -3.056105040013790131e-02
1.607999992370605469e+01 -2.858902513980865479e-02
1.612000083923339844e+01 -2.625376917421817780e-02
1.615999984741210938e+01 -2.368479594588279724e-02
1.620000076293945312e+01 -2.102127857506275177e-02
1.623999977111816406e+01 -1.840715110301971436e-02
1.628000068664550781e+01 -1.598495244979858398e-02
1.631999969482421875e+01 -1.388817187398672104e-02
1.636000061035156250e+01 -1.223304588347673416e-02
1.639999961853027344e+01 -1.111006736755371094e-02
1.644000053405761719e+01 -1.057690382003784180e-02
1.647999954223632812e+01 -1.065346878021955490e-02
1.652000045776367188e+01 -1.132049132138490677e-02
1.655999946594238281e+01 -1.252177357673645020e-02
1.660000038146972656e+01 -1.417047344148159027e-02
1.663999938964843750e+01 -1.615842059254646301e-02
1.668000030517578125e+01 -1.836734637618064880e-02
1.671999931335449219e+01 -2.068084850907325745e-02
1.676000022888183594e+01 -2.299509383738040924e-02
1.679999923706054688e+01 -2.522753737866878510e-02
1.684000015258789062e+01 -2.732237055897712708e-02
1.687999916076660156e+01 -2.925271540880203247e-02
1.692000007629394531e+01 -3.101953864097595215e-02
1.695999908447265625e+01 -3.264835476875305176e-02
1.700000000000000000e+01 -3.418395668268203735e-02
1.704000091552734375e+01 -3.568466007709503174e-02
1.707999992370605469e+01 -3.721618652343750000e-02
1.712000083923339844e+01 -3.884619846940040588e-02
1.715999984741210938e+01 -4.063898324966430664e-02
1.720000076293945312e+01 -4.265065863728523254e-02
1.723999977111816406e+01 -4.492465779185295105e-02
1.728000068664550781e+01 -4.748717322945594788e-02
1.731999969482421875e+01 -5.034311860799789429e-02
1.736000061035156250e+01 -5.347253382205963135e-02
1.739999961853027344e+01 -5.682837963104248047e-02
1.744000053405761719e+01 -6.033616513013839722e-02
1.747999954223632812e+01 -6.389607489109039307e-02
1.752000045776367188e+01 -6.738804280757904053e-02
1.755999946594238281e+01 -7.067936658859252930e-02
1.760000038146972656e+01 -7.363437861204147339e-02
1.763999938964843750e+01 -7.612537592649459839e-02
1.768000030517578125e+01 -7.804274559020996094e-02
1.771999931335449219e+01 -7.930386811494827271e-02
1.776000022888183594e+01 -7.985849678516387939e-02
1.779999923706054688e+01 -7.969094812870025635e-02
1.784000015258789062e+01 -7.881814986467361450e-02
1.787999916076660156e+01 -7.728474587202072144e-02
1.792000007629394531e+01 -7.515563815832138062e-02
1.795999908447265625e+01 -7.250794023275375366e-02
1.800000000000000000e+01 -6.942317634820938110e-02
1.804000091552734375e+01 -6.598120182752609253e-02
1.807999992370605469e+01 -6.225636228919029236e-02
1.812000083923339844e+01 -5.831611901521682739e-02
1.815999984741210938e+01 -5.422187596559524536e-02
1.820000076293945312e+01 -5.003125965595245361e-02
1.823999977111816406e+01 -4.580110311508178711e-02
1.828000068664550781e+01 -4.159048944711685181e-02
1.831999969482421875e+01 -3.746316581964492798e-02
1.836000061035156250e+01 -3.348891809582710266e-02
1.839999961853027344e+01 -2.974418923258781433e-02
1.844000053405761719e+01 -2.631150186061859131e-02
1.847999954223632812e+01 -2.327830158174037933e-02
1.852000045776367188e+01 -2.073487639427185059e-02
1.855999946594238281e+01 -1.877166889607906342e-02
1.860000038146972656e+01 -1.747564971446990967e-02
1.863999938964843750e+01 -1.692581921815872192e-02
1.868000030517578125e+01 -1.718772388994693756e-02
1.871999931335449219e+01 -1.830724067986011505e-02
1.876000022888183594e+01 -2.030390873551368713e-02
1.879999923706054688e+01 -2.316454425454139709e-02
1.884000015258789062e+01 -2.683789655566215515e-02
1.887999916076660156e+01 -3.123124688863754272e-02
1.892000007629394531e+01 -3.620990365743637085e-02
1.895999908447265625e+01 -4.160014912486076355e-02
1.900000000000000000e+01 -4.719598963856697083e-02
1.904000091552734375e+01 -5.276977643370628357e-02
1.907999992370605469e+01 -5.808585509657859802e-02
1.912000083923339844e+01 -6.291648000478744507e-02
1.915999984741210938e+01 -6.705827265977859497e-02
1.920000076293945312e+01 -7.034786790609359741e-02
1.923999977111816406e+01 -7.267479598522186279e-02
1.928000068664550781e+01 -7.398996502161026001e-02
1.931999969482421875e+01 -7.430899888277053833e-02
1.936000061035156250e+01 -7.370930910110473633e-02
1.939999961853027344e+01 -7.232147455215454102e-02
1.944000053405761719e+01 -7.031550258398056030e-02
1.947999954223632812e+01 -6.788358092308044434e-02
1.952000045776367188e+01 -6.522110849618911743e-02
1.955999946594238281e+01 -6.250832229852676392e-02
1.960000038146972656e+01 -5.989438667893409729e-02
1.963999938964843750e+01 -5.748578161001205444e-02
1.968000030517578125e+01 -5.534015223383903503e-02
1.971999931335449219e+01 -5.346607789397239685e-02
1.976000022888183594e+01 -5.182850733399391174e-02
1.979999923706054688e+01 -5.035904422402381897e-02
1.984000015258789062e+01 -4.896944388747215271e-02
1.987999916076660156e+01 -4.756689816713333130e-02
1.992000007629394531e+01 -4.606897383928298950e-02
1.995999908447265625e+01 -4.441633448004722595e-02
2.000000000000000000e+01 -4.258219897747039795e-02
