-5.000000000000000000e+00 -1.628850617460748940e-02
-4.900000000000000355e+00 -3.384094818743961335e-03
-4.799999999999999822e+00 2.749870197776541070e-02
-4.700000000000000178e+00 1.786029582549951422e-02
-4.599999999999999645e+00 4.365226193275099746e-03
-4.500000000000000000e+00 -6.449699391354184880e-03
-4.400000000000000355e+00 3.281735263577031936e-02
-4.299999999999999822e+00 2.929441979407729213e-02
-4.200000000000000178e+00 1.353913789096444949e-02
-4.099999999999999645e+00 -2.293073810618142389e-02
-4.000000000000000000e+00 5.552817614626977261e-02
-3.899999999999999911e+00 3.851741848006384750e-02
-3.799999999999999822e+00 5.181902339459899809e-03
-3.700000000000000178e+00 -1.259328174176760351e-03
-3.599999999999999645e+00 3.416475391544816081e-02
-3.500000000000000000e+00 6.155616698042099683e-02
-3.399999999999999911e+00 2.988428205628525583e-02
-3.299999999999999822e+00 -1.792223587084405476e-02
-3.200000000000000178e+00 2.302901062298307738e-02
-3.099999999999999645e+00 9.815148115145382046e-03
-3.000000000000000000e+00 -6.505054898868375263e-03
-2.899999999999999911e+00 3.324180557417359162e-03
-2.799999999999999822e+00 2.051931322947087716e-02
-2.699999999999999734e+00 -2.944210762255434349e-02
-2.599999999999999645e+00 -9.770659638240072886e-03
-2.500000000000000000e+00 -1.668635460867106193e-02
-2.399999999999999911e+00 1.755829870921683106e-02
-2.299999999999999822e+00 -7.213725096364044173e-03
-2.199999999999999734e+00 4.131369244662147500e-02
-2.099999999999999645e+00 3.521499521256003101e-02
-2.000000000000000000e+00 1.070226636909565182e-02
-1.899999999999999911e+00 -1.567666535018781906e-02
-1.799999999999999822e+00 5.010366223850661570e-03
-1.699999999999999734e+00 2.092533189754007365e-03
-1.599999999999999645e+00 -1.597168926387011745e-02
-1.500000000000000000e+00 1.142437415146963127e-02
-1.399999999999999911e+00 4.328559869138530469e-02
-1.299999999999999822e+00 6.923108641292119447e-02
-1.199999999999999734e+00 6.087709288683106762e-02
-1.099999999999999645e+00 5.745453014899001842e-02
-1.000000000000000000e+00 1.137311163095394290e-01
-8.999999999999994671e-01 1.079805238650170529e-01
-7.999999999999998224e-01 1.264497662751682128e-01
-7.000000000000001776e-01 1.695079733496185626e-01
-5.999999999999996447e-01 1.999496352415804645e-01
-5.000000000000000000e-01 2.570614093748777029e-01
-3.999999999999994671e-01 2.699379864837038734e-01
-2.999999999999998224e-01 2.980416134513128590e-01
-1.999999999999992895e-01 2.567198223457062278e-01
-9.999999999999964473e-02 3.047296112369882182e-01
0.000000000000000000e+00 2.899992233714923651e-01
1.000000000000005329e-01 2.959275481946862518e-01
2.000000000000001776e-01 2.680963067731205740e-01
3.000000000000007105e-01 2.930832355382980703e-01
4.000000000000003553e-01 2.014417015168575298e-01
5.000000000000000000e-01 1.945440771131385638e-01
6.000000000000005329e-01 2.017216007249807153e-01
7.000000000000001776e-01 1.622293612954534281e-01
8.000000000000007105e-01 1.439433775832307805e-01
9.000000000000003553e-01 1.321198536693881931e-01
1.000000000000000000e+00 1.014178430701181272e-01
1.100000000000000533e+00 1.340678158053297819e-01
1.200000000000000178e+00 4.916880374500198769e-02
1.300000000000000711e+00 -1.019251921310575237e-02
1.400000000000000355e+00 6.367868381303544434e-02
1.500000000000000000e+00 5.163651208886792243e-02
1.600000000000000533e+00 2.353631616204469174e-02
1.700000000000000178e+00 4.444215241964158403e-03
1.800000000000000711e+00 1.517675868039851383e-02
1.900000000000000355e+00 1.092570866864575260e-02
2.000000000000000000e+00 4.458365203292256190e-02
2.100000000000000533e+00 1.411154070415086316e-02
2.200000000000000178e+00 2.566077148174877171e-02
2.300000000000000711e+00 4.732937584968142930e-02
2.400000000000000355e+00 2.633858733282773423e-02
2.500000000000000000e+00 1.576014519215839307e-03
2.600000000000000533e+00 4.507130284171714796e-02
2.700000000000000178e+00 -7.739575381572535995e-03
2.800000000000000711e+00 -2.099724809537398262e-02
2.900000000000000355e+00 -2.326899544439930967e-03
3.000000000000000000e+00 -5.896510911559845608e-03
3.099999999999999645e+00 2.663475739577352008e-02
3.200000000000001066e+00 1.855660683902095667e-02
3.300000000000000711e+00 3.104787505548892157e-03
3.400000000000000355e+00 2.648611860025136544e-02
3.500000000000000000e+00 6.228094593992487132e-03
3.599999999999999645e+00 2.181428430553685946e-02
3.700000000000001066e+00 2.466993513946706684e-02
3.800000000000000711e+00 3.424504289983939381e-02
3.900000000000000355e+00 8.915150944063282568e-03
4.000000000000000000e+00 4.803408072441339022e-02
4.099999999999999645e+00 3.299825929206878783e-02
4.200000000000001066e+00 2.996196888839211883e-02
4.300000000000000711e+00 5.546498483286439740e-02
4.400000000000000355e+00 8.643731938109734669e-02
4.500000000000000000e+00 7.687038089796614793e-02
4.600000000000001421e+00 8.048476733049070297e-02
4.700000000000001066e+00 7.861742279773747955e-02
4.800000000000000711e+00 7.864925208453824035e-02
4.900000000000000355e+00 5.148310130194017759e-02
5.000000000000000000e+00 4.971971475747728741e-02
5.100000000000001421e+00 7.260148111098232993e-02
5.200000000000001066e+00 5.553507563716614942e-02
5.300000000000000711e+00 4.587247504631906947e-02
5.400000000000000355e+00 4.958405107800513412e-02
5.500000000000000000e+00 3.117337639273425054e-02
5.600000000000001421e+00 4.577725212273664468e-02
5.700000000000001066e+00 5.191689326219950384e-02
5.800000000000000711e+00 6.707421687652849462e-03
5.900000000000000355e+00 1.799462110828563277e-02
6.000000000000000000e+00 1.595829002140101982e-02
6.100000000000001421e+00 -7.640429622461052117e-04
6.200000000000001066e+00 -3.586420159332265323e-02
6.300000000000000711e+00 4.150106242279655300e-02
6.400000000000000355e+00 1.865486599321743849e-02
6.500000000000000000e+00 1.201110378909945979e-02
6.600000000000001421e+00 9.020934869809591958e-03
6.700000000000001066e+00 3.547384338748542365e-02
6.800000000000000711e+00 7.972401034720681678e-03
6.900000000000000355e+00 3.319239578173616145e-02
7.000000000000000000e+00 4.141677142913727933e-02
7.100000000000001421e+00 4.283689842914104040e-02
7.200000000000001066e+00 1.079325376074325403e-02
7.300000000000000711e+00 4.938276239651474137e-04
7.400000000000000355e+00 -5.243147156819977228e-05
7.500000000000000000e+00 2.430959034940004954e-02
7.600000000000001421e+00 6.707719625155901880e-03
7.700000000000001066e+00 5.385178852067789429e-02
7.800000000000000711e+00 2.282328968479158809e-02
7.900000000000000355e+00 -1.211247366962977731e-03
8.000000000000000000e+00 5.875991948625704231e-02
8.100000000000001421e+00 1.178927277637835391e-02
8.200000000000001066e+00 4.995341506064190223e-02
8.300000000000000711e+00 6.158311770889029341e-03
8.400000000000000355e+00 2.966965211754651194e-02
8.500000000000000000e+00 3.063549379595303934e-02
8.600000000000001421e+00 4.061648155482873446e-02
8.700000000000001066e+00 3.950729859121315801e-02
8.800000000000000711e+00 1.409790097963584121e-02
8.900000000000000355e+00 2.465746317966540854e-02
9.000000000000000000e+00 4.582584745196930862e-03
9.100000000000001421e+00 2.547874052260057712e-02
9.200000000000001066e+00 -2.133777289678601835e-02
9.300000000000000711e+00 1.357954955148141934e-02
9.400000000000000355e+00 9.342750791037853636e-03
9.500000000000000000e+00 3.104917630544994089e-02
9.600000000000001421e+00 4.268443639683266316e-02
9.700000000000001066e+00 -5.238401624915851873e-03
9.800000000000000711e+00 -2.489804596926820796e-02
9.900000000000000355e+00 -2.199723013938774743e-02
1.000000000000000000e+01 -1.829651821749347929e-02
1.010000000000000142e+01 -1.443509601365020566e-02
1.020000000000000107e+01 -3.761791561948357038e-02
1.030000000000000071e+01 1.600470252424180881e-02
1.040000000000000036e+01 -4.901720213449299590e-02
1.050000000000000000e+01 -1.293522782930940987e-02
1.060000000000000142e+01 -9.025789435353087989e-03
1.070000000000000107e+01 -1.922631923796543421e-02
1.080000000000000071e+01 -3.152965414195548280e-03
1.090000000000000036e+01 -2.987024419481584814e-02
1.100000000000000000e+01 -3.926571260768303012e-03
1.110000000000000142e+01 -1.293858388261655105e-02
1.119999999999999929e+01 -1.431229215279273236e-02
1.130000000000000071e+01 -8.453181330007308522e-03
1.140000000000000213e+01 -1.547862960095726728e-02
1.150000000000000000e+01 -5.290913908533033394e-02
1.160000000000000142e+01 -3.614403919438462925e-02
1.169999999999999929e+01 1.192383878546730142e-02
1.180000000000000071e+01 -3.490572471564151041e-02
1.190000000000000213e+01 -2.699996674551082346e-02
1.200000000000000000e+01 1.363713146167716897e-02
1.210000000000000142e+01 -2.846363170350024382e-02
1.219999999999999929e+01 8.413008540180812872e-03
1.230000000000000071e+01 -2.768832876129861606e-02
1.240000000000000213e+01 4.384709689804738159e-05
1.250000000000000000e+01 5.549647884557504934e-03
1.260000000000000142e+01 1.602566752252309809e-02
1.269999999999999929e+01 -4.150948227051179384e-02
1.280000000000000071e+01 2.566080873992713368e-02
1.290000000000000213e+01 -2.605949043484557734e-03
1.300000000000000000e+01 1.538768292627988414e-02
1.310000000000000142e+01 -2.513191271999439674e-02
1.319999999999999929e+01 8.147038979616985296e-03
1.330000000000000071e+01 4.279081303641342482e-02
1.340000000000000213e+01 9.789752437239930549e-03
1.350000000000000000e+01 2.501449293289544074e-02
1.360000000000000142e+01 3.475699265904735880e-02
1.369999999999999929e+01 1.495800437887711241e-02
1.380000000000000071e+01 5.686046185562174116e-02
1.390000000000000213e+01 6.092534639473652647e-02
1.400000000000000000e+01 4.657419103598363364e-02
1.410000000000000142e+01 4.476419364513496701e-02
1.420000000000000284e+01 3.978225980096010417e-02
1.430000000000000071e+01 6.569950332165166995e-02
1.440000000000000213e+01 6.408842258763909616e-02
1.450000000000000000e+01 7.416634915476540135e-02
1.460000000000000142e+01 7.496387476637082770e-02
1.470000000000000284e+01 9.524776258021318276e-02
1.480000000000000071e+01 5.745992353644364253e-02
1.490000000000000213e+01 2.752947760185895515e-02
1.500000000000000000e+01 4.710759718220892955e-02
1.510000000000000142e+01 6.114774283350980777e-02
1.520000000000000284e+01 6.766908493417624071e-02
1.530000000000000071e+01 8.378384054766140066e-02
1.540000000000000213e+01 3.913668110885788060e-02
1.550000000000000000e+01 1.167541306579415045e-02
1.560000000000000142e+01 4.707313292809401500e-02
1.570000000000000284e+01 2.195668979632846990e-02
1.580000000000000071e+01 7.185770712485849143e-03
1.590000000000000213e+01 5.802322753594739424e-02
1.600000000000000000e+01 2.899297985574776637e-02
1.610000000000000142e+01 1.700086726762885941e-02
1.620000000000000284e+01 1.367158436594344967e-02
1.630000000000000071e+01 5.101321583949408600e-02
1.640000000000000213e+01 2.761202289732967233e-02
1.650000000000000000e+01 2.056968959116672532e-02
1.660000000000000142e+01 8.214378171859233052e-03
1.670000000000000284e+01 1.279448477340187212e-02
1.680000000000000071e+01 -1.068130179965595151e-02
1.690000000000000213e+01 1.123451368093316902e-02
1.700000000000000000e+01 -1.137264973010982012e-02
1.710000000000000142e+01 -3.168295270866966495e-02
1.720000000000000284e+01 -1.959354193772335287e-02
1.730000000000000071e+01 4.408362775435761133e-02
1.740000000000000213e+01 3.722032230502671929e-02
1.750000000000000000e+01 1.046004515769616804e-03
1.760000000000000142e+01 2.608624542536114657e-02
1.770000000000000284e+01 2.284817937050018059e-03
1.780000000000000071e+01 2.036881299027169454e-02
1.790000000000000213e+01 -3.912769621494608524e-02
1.800000000000000000e+01 -2.194552338552607090e-02
1.810000000000000142e+01 9.177345870382096205e-03
1.820000000000000284e+01 2.433264969324128862e-03
1.830000000000000071e+01 -2.093970012225349411e-02
1.840000000000000213e+01 -1.138738403671399335e-02
1.850000000000000000e+01 -2.453169898591615883e-02
1.860000000000000142e+01 -3.626343967159163101e-02
1.870000000000000284e+01 -4.839660663201866830e-02
1.880000000000000071e+01 2.343415766102779907e-02
1.890000000000000213e+01 -4.414630885634418522e-02
1.900000000000000000e+01 -2.930842181210052688e-02
1.910000000000000142e+01 -3.688910325902271248e-02
1.920000000000000284e+01 -4.432419853993120606e-02
1.930000000000000071e+01 -5.794437527297999213e-02
1.940000000000000213e+01 -3.622372462269120991e-02
1.950000000000000000e+01 -3.449613137583176087e-02
1.960000000000000142e+01 -2.967250485297435666e-02
1.970000000000000284e+01 -2.740970561210896370e-02
1.980000000000000071e+01 -4.013231239261689370e-02
1.990000000000000213e+01 -1.519979533778160335e-02
