-5.000000000000000000e+00 -6.402842700481414795e-09
-4.500000000000000000e+00 -2.328306436538696289e-09
-4.000000000000000000e+00 -1.396983861923217773e-08
-3.500000000000000000e+00 4.371395334601402283e-07
-3.000000000000000000e+00 1.288746716454625130e-05
-2.500000000000000000e+00 2.372775634285062551e-04
-2.000000000000000000e+00 2.664071042090654373e-03
-1.500000000000000000e+00 1.821597293019294739e-02
-1.000000000000000000e+00 7.573081552982330322e-02
-5.000000000000000000e-01 1.910201013088226318e-01
0.000000000000000000e+00 2.913014590740203857e-01
5.000000000000000000e-01 2.669587433338165283e-01
1.000000000000000000e+00 1.460978239774703979e-01
1.500000000000000000e+00 5.070425570011138916e-02
2.000000000000000000e+00 2.207283675670623779e-02
2.500000000000000000e+00 2.550530806183815002e-02
3.000000000000000000e+00 3.122450970113277435e-02
3.500000000000000000e+00 3.752435371279716492e-02
4.000000000000000000e+00 4.837557673454284668e-02
4.500000000000000000e+00 5.041211470961570740e-02
5.000000000000000000e+00 3.379991650581359863e-02
5.500000000000000000e+00 1.168085075914859772e-02
6.000000000000000000e+00 -3.059681970626115799e-03
6.500000000000000000e+00 -1.337760873138904572e-02
7.000000000000000000e+00 -2.604467608034610748e-02
7.500000000000000000e+00 -3.503226116299629211e-02
8.000000000000000000e+00 -2.823593840003013611e-02
8.500000000000000000e+00 -1.343348063528537750e-02
9.000000000000000000e+00 -8.323652669787406921e-03
9.500000000000000000e+00 -1.318283285945653915e-02
1.000000000000000000e+01 -1.648883149027824402e-02
1.050000000000000000e+01 -9.061118587851524353e-03
1.100000000000000000e+01 1.570906862616539001e-02
1.150000000000000000e+01 5.795069783926010132e-02
1.200000000000000000e+01 9.356439113616943359e-02
1.250000000000000000e+01 8.859932422637939453e-02
1.300000000000000000e+01 4.861640930175781250e-02
1.350000000000000000e+01 7.756199687719345093e-03
1.400000000000000000e+01 -2.096350863575935364e-02
1.450000000000000000e+01 -4.871468618512153625e-02
1.500000000000000000e+01 -8.554802834987640381e-02
1.550000000000000000e+01 -1.100896447896957397e-01
1.600000000000000000e+01 -8.837050199508666992e-02
1.650000000000000000e+01 -3.964009881019592285e-02
1.700000000000000000e+01 -1.077882759273052216e-02
1.750000000000000000e+01 -1.055039931088685989e-02
1.800000000000000000e+01 -2.086940407752990723e-02
1.850000000000000000e+01 -2.476008981466293335e-02
1.900000000000000000e+01 -1.750201731920242310e-02
1.950000000000000000e+01 -7.404645439237356186e-03
2.000000000000000000e+01 -1.260675489902496338e-03
2.050000000000000000e+01 3.148856339976191521e-03
2.100000000000000000e+01 1.069420017302036285e-02
2.150000000000000000e+01 2.025556750595569611e-02
2.200000000000000000e+01 2.250938117504119873e-02
2.250000000000000000e+01 1.129278540611267090e-02
2.300000000000000000e+01 -7.468709722161293030e-03
2.350000000000000000e+01 -2.147391065955162048e-02
2.400000000000000000e+01 -2.214804291725158691e-02
2.450000000000000000e+01 -1.341809984296560287e-02
2.500000000000000000e+01 -5.490462295711040497e-03
2.550000000000000000e+01 -4.138931399211287498e-04
2.600000000000000000e+01 6.879323627799749374e-03
2.650000000000000000e+01 1.723143830895423889e-02
2.700000000000000000e+01 2.291508764028549194e-02
2.750000000000000000e+01 1.765969954431056976e-02
2.800000000000000000e+01 4.447102081030607224e-03
2.850000000000000000e+01 -1.263816934078931808e-02
2.900000000000000000e+01 -2.981274388730525970e-02
2.950000000000000000e+01 -3.633413836359977722e-02
3.000000000000000000e+01 -2.671237662434577942e-02
3.050000000000000000e+01 -1.178633887320756912e-02
3.100000000000000000e+01 -2.460540039464831352e-03
3.150000000000000000e+01 1.054392312653362751e-03
3.200000000000000000e+01 1.510356785729527473e-03
3.250000000000000000e+01 -2.942778228316456079e-04
3.300000000000000000e+01 -3.965508192777633667e-03
3.350000000000000000e+01 -7.443520706146955490e-03
3.400000000000000000e+01 -7.674721069633960724e-03
3.450000000000000000e+01 -4.764553159475326538e-03
3.500000000000000000e+01 -2.091453876346349716e-03
3.550000000000000000e+01 -2.310348208993673325e-03
3.600000000000000000e+01 -6.913668941706418991e-03
3.650000000000000000e+01 -1.514448877424001694e-02
3.700000000000000000e+01 -2.076002769172191620e-02
3.750000000000000000e+01 -1.789980940520763397e-02
3.800000000000000000e+01 -9.384989738464355469e-03
3.850000000000000000e+01 -1.315633300691843033e-03
3.900000000000000000e+01 3.616409376263618469e-03
3.950000000000000000e+01 4.273212049156427383e-03
4.000000000000000000e+01 1.158362938440404832e-04
4.050000000000000000e+01 -7.710265461355447769e-03
4.100000000000000000e+01 -1.673721708357334137e-02
4.150000000000000000e+01 -2.465095371007919312e-02
4.200000000000000000e+01 -2.887830510735511780e-02
4.250000000000000000e+01 -2.531363070011138916e-02
4.300000000000000000e+01 -1.567653939127922058e-02
4.350000000000000000e+01 -8.564769290387630463e-03
4.400000000000000000e+01 -7.026691455394029617e-03
4.450000000000000000e+01 -7.137909997254610062e-03
4.500000000000000000e+01 -5.769534036517143250e-03
4.550000000000000000e+01 1.334498956566676497e-04
4.600000000000000000e+01 1.231531146913766861e-02
4.650000000000000000e+01 2.255260013043880463e-02
4.700000000000000000e+01 2.303029969334602356e-02
4.750000000000000000e+01 1.818118989467620850e-02
4.800000000000000000e+01 1.147013064473867416e-02
4.850000000000000000e+01 1.373722916468977928e-03
4.900000000000000000e+01 -9.812295436859130859e-03
4.950000000000000000e+01 -1.759302988648414612e-02
5.000000000000000000e+01 -2.181431651115417480e-02
5.050000000000000000e+01 -2.564713358879089355e-02
5.100000000000000000e+01 -2.745166420936584473e-02
5.150000000000000000e+01 -2.194070257246494293e-02
5.200000000000000000e+01 -1.152046024799346924e-02
5.250000000000000000e+01 -3.774629440158605576e-03
5.300000000000000000e+01 -7.577356882393360138e-04
5.350000000000000000e+01 -9.260373190045356750e-05
5.400000000000000000e+01 -6.898771971464157104e-06
5.450000000000000000e+01 -3.259629011154174805e-07
5.500000000000000000e+01 -1.164153218269348145e-08
5.550000000000000000e+01 4.656612873077392578e-09
5.600000000000000000e+01 0.000000000000000000e+00
5.650000000000000000e+01 -1.047737896442413330e-08
5.700000000000000000e+01 1.527951098978519440e-09
5.750000000000000000e+01 3.521563485264778137e-08
5.800000000000000000e+01 3.492459654808044434e-09
5.850000000000000000e+01 -2.328306436538696289e-08
5.900000000000000000e+01 -3.725290298461914062e-08
5.950000000000000000e+01 -1.571606844663619995e-08
6.000000000000000000e+01 -8.731149137020111084e-10
6.050000000000000000e+01 1.280568540096282959e-08
6.100000000000000000e+01 -2.328306436538696289e-09
6.150000000000000000e+01 -5.820766091346740723e-09
6.200000000000000000e+01 -2.284650690853595734e-08
6.250000000000000000e+01 -9.313225746154785156e-09
6.300000000000000000e+01 -1.396983861923217773e-08
6.350000000000000000e+01 -1.396983861923217773e-08
6.400000000000000000e+01 -3.026798367500305176e-08
6.450000000000000000e+01 -9.313225746154785156e-09
