-5.000000000000000000e+00 -7.785274647176265717e-09
-4.500000000000000000e+00 5.584297468885779381e-09
-4.000000000000000000e+00 -6.934897101018577814e-10
-3.500000000000000000e+00 9.839277481660246849e-07
-3.000000000000000000e+00 2.765555109363049269e-05
-2.500000000000000000e+00 4.676738171838223934e-04
-2.000000000000000000e+00 4.811749793589115143e-03
-1.500000000000000000e+00 3.009228222072124481e-02
-1.000000000000000000e+00 1.139770597219467163e-01
-5.000000000000000000e-01 2.594724595546722412e-01
0.000000000000000000e+00 3.489753603935241699e-01
5.000000000000000000e-01 2.654736042022705078e-01
1.000000000000000000e+00 1.001110076904296875e-01
1.500000000000000000e+00 1.192482933402061462e-02
2.000000000000000000e+00 1.782612502574920654e-02
2.500000000000000000e+00 6.437277793884277344e-02
3.000000000000000000e+00 1.088070869445800781e-01
3.500000000000000000e+00 1.100259274244308472e-01
4.000000000000000000e+00 6.709834933280944824e-02
4.500000000000000000e+00 2.452106773853302002e-02
5.000000000000000000e+00 1.123010367155075073e-02
5.500000000000000000e+00 2.378313243389129639e-02
6.000000000000000000e+00 3.855036944150924683e-02
6.500000000000000000e+00 3.127256035804748535e-02
7.000000000000000000e+00 3.853333648294210434e-03
7.500000000000000000e+00 -2.313459292054176331e-02
8.000000000000000000e+00 -3.214798495173454285e-02
8.500000000000000000e+00 -2.028043940663337708e-02
9.000000000000000000e+00 -2.682290505617856979e-03
9.500000000000000000e+00 1.445394242182374001e-03
1.000000000000000000e+01 -1.376340538263320923e-02
1.050000000000000000e+01 -3.303592652082443237e-02
1.100000000000000000e+01 -2.822801098227500916e-02
1.150000000000000000e+01 1.174372714012861252e-02
1.200000000000000000e+01 6.039997562766075134e-02
1.250000000000000000e+01 7.397749274969100952e-02
1.300000000000000000e+01 3.858488798141479492e-02
1.350000000000000000e+01 -1.345379278063774109e-02
1.400000000000000000e+01 -4.491651430726051331e-02
1.450000000000000000e+01 -4.915803670883178711e-02
1.500000000000000000e+01 -4.641949385404586792e-02
1.550000000000000000e+01 -5.725879594683647156e-02
1.600000000000000000e+01 -7.348585873842239380e-02
1.650000000000000000e+01 -6.810237467288970947e-02
1.700000000000000000e+01 -3.919935226440429688e-02
1.750000000000000000e+01 -1.232791319489479065e-02
1.800000000000000000e+01 -1.418362371623516083e-03
1.850000000000000000e+01 -1.435968792065978050e-03
1.900000000000000000e+01 -6.701076403260231018e-03
1.950000000000000000e+01 -1.471327804028987885e-02
2.000000000000000000e+01 -1.999391615390777588e-02
2.050000000000000000e+01 -1.735729724168777466e-02
2.100000000000000000e+01 -9.646549820899963379e-03
2.150000000000000000e+01 -3.425492905080318451e-03
2.200000000000000000e+01 -7.741182344034314156e-04
2.250000000000000000e+01 -1.107526913983747363e-04
2.300000000000000000e+01 -1.112794234359171242e-05
2.350000000000000000e+01 -1.702426197880413383e-05
2.400000000000000000e+01 -1.468154659960418940e-04
2.450000000000000000e+01 -8.545559830963611603e-04
2.500000000000000000e+01 -3.362686838954687119e-03
2.550000000000000000e+01 -9.146504104137420654e-03
2.600000000000000000e+01 -1.710091717541217804e-02
2.650000000000000000e+01 -2.156372182071208954e-02
2.700000000000000000e+01 -1.917723380029201508e-02
2.750000000000000000e+01 -1.674140989780426025e-02
2.800000000000000000e+01 -2.114042267203330994e-02
2.850000000000000000e+01 -2.633449062705039978e-02
2.900000000000000000e+01 -2.445861324667930603e-02
2.950000000000000000e+01 -1.982974819839000702e-02
3.000000000000000000e+01 -1.708022132515907288e-02
3.050000000000000000e+01 -1.207526307553052902e-02
3.100000000000000000e+01 -3.525456879287958145e-03
3.150000000000000000e+01 2.990428125485777855e-03
3.200000000000000000e+01 4.246998578310012817e-03
3.250000000000000000e+01 3.282442223280668259e-03
3.300000000000000000e+01 4.681666381657123566e-03
3.350000000000000000e+01 9.404112584888935089e-03
3.400000000000000000e+01 1.279049739241600037e-02
3.450000000000000000e+01 9.155497886240482330e-03
3.500000000000000000e+01 -6.926035275682806969e-04
3.550000000000000000e+01 -1.036351919174194336e-02
3.600000000000000000e+01 -1.357030961662530899e-02
3.650000000000000000e+01 -8.922065608203411102e-03
3.700000000000000000e+01 -7.053089211694896221e-04
3.750000000000000000e+01 5.957331508398056030e-03
3.800000000000000000e+01 7.932222448289394379e-03
3.850000000000000000e+01 5.329677369445562363e-03
3.900000000000000000e+01 9.699133806861937046e-04
3.950000000000000000e+01 -3.833528375253081322e-03
4.000000000000000000e+01 -9.041865356266498566e-03
4.050000000000000000e+01 -1.310402061790227890e-02
4.100000000000000000e+01 -1.585031487047672272e-02
4.150000000000000000e+01 -1.978265121579170227e-02
4.200000000000000000e+01 -2.379871159791946411e-02
4.250000000000000000e+01 -2.057716995477676392e-02
4.300000000000000000e+01 -8.509846404194831848e-03
4.350000000000000000e+01 1.070703845471143723e-03
4.400000000000000000e+01 6.733975606039166451e-04
4.450000000000000000e+01 -4.331372678279876709e-03
4.500000000000000000e+01 -6.748385727405548096e-03
4.550000000000000000e+01 -5.146944429725408554e-03
4.600000000000000000e+01 -2.341492101550102234e-03
4.650000000000000000e+01 -6.507314974442124367e-04
4.700000000000000000e+01 -6.332754855975508690e-05
4.750000000000000000e+01 2.899483370129019022e-04
4.800000000000000000e+01 1.101729692891240120e-03
4.850000000000000000e+01 2.398860175162553787e-03
4.900000000000000000e+01 2.904177643358707428e-03
4.950000000000000000e+01 1.092602615244686604e-03
5.000000000000000000e+01 -2.638625446707010269e-03
5.050000000000000000e+01 -5.956981331110000610e-03
5.100000000000000000e+01 -6.637647747993469238e-03
5.150000000000000000e+01 -4.672873765230178833e-03
5.200000000000000000e+01 -2.129161730408668518e-03
5.250000000000000000e+01 -6.197567563503980637e-04
5.300000000000000000e+01 -1.132872421294450760e-04
5.350000000000000000e+01 -1.284759491682052612e-05
5.400000000000000000e+01 -9.080395102500915527e-07
5.450000000000000000e+01 -5.122274160385131836e-08
5.500000000000000000e+01 4.656612873077392578e-09
5.550000000000000000e+01 4.307366907596588135e-08
5.600000000000000000e+01 5.820766091346740723e-09
5.650000000000000000e+01 -1.164153218269348145e-08
5.700000000000000000e+01 -5.820766091346740723e-09
5.750000000000000000e+01 1.047737896442413330e-08
5.800000000000000000e+01 2.910383045673370361e-09
5.850000000000000000e+01 -1.629814505577087402e-08
5.900000000000000000e+01 -2.561137080192565918e-08
5.950000000000000000e+01 -1.746229827404022217e-08
6.000000000000000000e+01 6.984919309616088867e-09
6.050000000000000000e+01 1.273292582482099533e-08
6.100000000000000000e+01 9.604264050722122192e-09
6.150000000000000000e+01 -9.313225746154785156e-09
6.200000000000000000e+01 -2.677552402019500732e-08
6.250000000000000000e+01 -2.066371962428092957e-08
6.300000000000000000e+01 -6.984919309616088867e-09
6.350000000000000000e+01 -9.313225746154785156e-09
6.400000000000000000e+01 -9.313225746154785156e-09
6.450000000000000000e+01 -7.858034223318099976e-09
