-5.000000000000000000e+00 -3.201421350240707397e-09
-4.500000000000000000e+00 -2.910383045673370361e-09
-4.000000000000000000e+00 -6.984919309616088867e-09
-3.500000000000000000e+00 5.870242603123188019e-07
-3.000000000000000000e+00 1.703316229395568371e-05
-2.500000000000000000e+00 3.006838960573077202e-04
-2.000000000000000000e+00 3.242461243644356728e-03
-1.500000000000000000e+00 2.133110724389553070e-02
-1.000000000000000000e+00 8.532218635082244873e-02
-5.000000000000000000e-01 2.062913179397583008e-01
0.000000000000000000e+00 2.981647253036499023e-01
5.000000000000000000e-01 2.521840929985046387e-01
1.000000000000000000e+00 1.211778074502944946e-01
1.500000000000000000e+00 3.877770900726318359e-02
2.000000000000000000e+00 2.953185886144638062e-02
2.500000000000000000e+00 4.591019824147224426e-02
3.000000000000000000e+00 5.728966742753982544e-02
3.500000000000000000e+00 5.409995093941688538e-02
4.000000000000000000e+00 4.061445593833923340e-02
4.500000000000000000e+00 2.605142071843147278e-02
5.000000000000000000e+00 1.333991065621376038e-02
5.500000000000000000e+00 3.354973159730434418e-03
6.000000000000000000e+00 -3.187473630532622337e-03
6.500000000000000000e+00 -9.653462097048759460e-03
7.000000000000000000e+00 -2.139870449900627136e-02
7.500000000000000000e+00 -3.388618677854537964e-02
8.000000000000000000e+00 -3.314900398254394531e-02
8.500000000000000000e+00 -1.920098625123500824e-02
9.000000000000000000e+00 -6.120549514889717102e-03
9.500000000000000000e+00 1.854039146564900875e-04
1.000000000000000000e+01 3.162445500493049622e-03
1.050000000000000000e+01 7.881961762905120850e-03
1.100000000000000000e+01 2.109210938215255737e-02
1.150000000000000000e+01 4.357608035206794739e-02
1.200000000000000000e+01 5.823657661676406860e-02
1.250000000000000000e+01 4.839824140071868896e-02
1.300000000000000000e+01 2.440467476844787598e-02
1.350000000000000000e+01 5.547735840082168579e-03
1.400000000000000000e+01 -4.834533669054508209e-03
1.450000000000000000e+01 -1.251635514199733734e-02
1.500000000000000000e+01 -2.490829303860664368e-02
1.550000000000000000e+01 -4.737184196710586548e-02
1.600000000000000000e+01 -6.448265910148620605e-02
1.650000000000000000e+01 -5.249864608049392700e-02
1.700000000000000000e+01 -2.687939442694187164e-02
1.750000000000000000e+01 -2.047615312039852142e-02
1.800000000000000000e+01 -2.810993045568466187e-02
1.850000000000000000e+01 -2.327625826001167297e-02
1.900000000000000000e+01 -2.036143123405054212e-04
1.950000000000000000e+01 2.385432086884975433e-02
2.000000000000000000e+01 3.105984255671501160e-02
2.050000000000000000e+01 2.129316702485084534e-02
2.100000000000000000e+01 8.759670890867710114e-03
2.150000000000000000e+01 2.449582098051905632e-03
2.200000000000000000e+01 1.051970873959362507e-03
2.250000000000000000e+01 5.866297869943082333e-04
2.300000000000000000e+01 -1.962861977517604828e-03
2.350000000000000000e+01 -6.586964707821607590e-03
2.400000000000000000e+01 -9.174348786473274231e-03
2.450000000000000000e+01 -7.075904868543148041e-03
2.500000000000000000e+01 -3.068380756303668022e-03
2.550000000000000000e+01 1.103709219023585320e-04
2.600000000000000000e+01 3.761525964364409447e-03
2.650000000000000000e+01 9.474809281527996063e-03
2.700000000000000000e+01 1.414570119231939316e-02
2.750000000000000000e+01 1.294376794248819351e-02
2.800000000000000000e+01 7.136707194149494171e-03
2.850000000000000000e+01 1.766502973623573780e-03
2.900000000000000000e+01 -1.400681096129119396e-03
2.950000000000000000e+01 -2.841770416125655174e-03
3.000000000000000000e+01 -2.634692704305052757e-03
3.050000000000000000e+01 -1.473582582548260689e-03
3.100000000000000000e+01 -6.469152867794036865e-04
3.150000000000000000e+01 -7.335300324484705925e-04
3.200000000000000000e+01 -1.500425278209149837e-03
3.250000000000000000e+01 -2.113194437697529793e-03
3.300000000000000000e+01 -1.819029683247208595e-03
3.350000000000000000e+01 -9.653153247199952602e-04
3.400000000000000000e+01 -4.704585298895835876e-04
3.450000000000000000e+01 -1.142414286732673645e-03
3.500000000000000000e+01 -4.235437139868736267e-03
3.550000000000000000e+01 -1.018903031945228577e-02
3.600000000000000000e+01 -1.564855128526687622e-02
3.650000000000000000e+01 -1.640656962990760803e-02
3.700000000000000000e+01 -1.299879048019647598e-02
3.750000000000000000e+01 -8.207919076085090637e-03
3.800000000000000000e+01 -3.894068067893385887e-03
3.850000000000000000e+01 -1.349947648122906685e-03
3.900000000000000000e+01 -8.981605060398578644e-04
3.950000000000000000e+01 -2.521587302908301353e-03
4.000000000000000000e+01 -6.122168153524398804e-03
4.050000000000000000e+01 -1.057351473718881607e-02
4.100000000000000000e+01 -1.562562212347984314e-02
4.150000000000000000e+01 -2.166000194847583771e-02
4.200000000000000000e+01 -2.454413473606109619e-02
4.250000000000000000e+01 -2.121131867170333862e-02
4.300000000000000000e+01 -1.644305512309074402e-02
4.350000000000000000e+01 -1.363918185234069824e-02
4.400000000000000000e+01 -1.055030617862939835e-02
4.450000000000000000e+01 -6.109906826168298721e-03
4.500000000000000000e+01 -2.007530070841312408e-03
4.550000000000000000e+01 1.520240330137312412e-03
4.600000000000000000e+01 6.338588427752256393e-03
4.650000000000000000e+01 1.168929040431976318e-02
4.700000000000000000e+01 1.270548533648252487e-02
4.750000000000000000e+01 7.805286440998315811e-03
4.800000000000000000e+01 2.916324883699417114e-03
4.850000000000000000e+01 5.519022699445486069e-03
4.900000000000000000e+01 1.495701353996992111e-02
4.950000000000000000e+01 2.006499096751213074e-02
5.000000000000000000e+01 1.609251834452152252e-02
5.050000000000000000e+01 1.149189658463001251e-02
5.100000000000000000e+01 1.032274216413497925e-02
5.150000000000000000e+01 8.376855403184890747e-03
5.200000000000000000e+01 4.516951739788055420e-03
5.250000000000000000e+01 1.499562058597803116e-03
5.300000000000000000e+01 3.026355989277362823e-04
5.350000000000000000e+01 3.705616109073162079e-05
5.400000000000000000e+01 2.742744982242584229e-06
5.450000000000000000e+01 1.234002411365509033e-07
5.500000000000000000e+01 2.561137080192565918e-08
5.550000000000000000e+01 2.328306436538696289e-08
5.600000000000000000e+01 1.164153218269348145e-08
5.650000000000000000e+01 5.238689482212066650e-09
5.700000000000000000e+01 -8.622009772807359695e-09
5.750000000000000000e+01 1.717125996947288513e-08
5.800000000000000000e+01 -8.731149137020111084e-09
5.850000000000000000e+01 -1.047737896442413330e-08
5.900000000000000000e+01 -2.677552402019500732e-08
5.950000000000000000e+01 -1.746229827404022217e-08
6.000000000000000000e+01 1.746229827404022217e-09
6.050000000000000000e+01 2.044544089585542679e-08
6.100000000000000000e+01 5.165929906070232391e-09
6.150000000000000000e+01 -1.135049387812614441e-08
6.200000000000000000e+01 -1.804437488317489624e-08
6.250000000000000000e+01 2.328306436538696289e-09
6.300000000000000000e+01 1.629814505577087402e-08
6.350000000000000000e+01 -1.629814505577087402e-08
6.400000000000000000e+01 -1.629814505577087402e-08
6.450000000000000000e+01 -2.619344741106033325e-08
