-5.000000000000000000e+00 -1.702574081718921661e-08
-4.500000000000000000e+00 -5.184119800105690956e-09
-4.000000000000000000e+00 1.862645149230957031e-08
-3.500000000000000000e+00 1.810549292713403702e-06
-3.000000000000000000e+00 4.631059709936380386e-05
-2.500000000000000000e+00 7.245226879604160786e-04
-2.000000000000000000e+00 6.873549427837133408e-03
-1.500000000000000000e+00 3.954853489995002747e-02
-1.000000000000000000e+00 1.379575580358505249e-01
-5.000000000000000000e-01 2.914317548274993896e-01
0.000000000000000000e+00 3.712636828422546387e-01
5.000000000000000000e-01 2.807172536849975586e-01
1.000000000000000000e+00 1.181742548942565918e-01
1.500000000000000000e+00 2.072126604616641998e-02
2.000000000000000000e+00 6.102139595896005630e-03
2.500000000000000000e+00 3.764022886753082275e-02
3.000000000000000000e+00 8.758062124252319336e-02
3.500000000000000000e+00 1.187347471714019775e-01
4.000000000000000000e+00 9.941429644823074341e-02
4.500000000000000000e+00 4.933941364288330078e-02
5.000000000000000000e+00 1.327496487647294998e-02
5.500000000000000000e+00 8.827231824398040771e-03
6.000000000000000000e+00 2.371549978852272034e-02
6.500000000000000000e+00 3.433423116803169250e-02
7.000000000000000000e+00 2.706663683056831360e-02
7.500000000000000000e+00 8.622355759143829346e-03
8.000000000000000000e+00 -7.253803312778472900e-03
8.500000000000000000e+00 -1.359382644295692444e-02
9.000000000000000000e+00 -1.217120792716741562e-02
9.500000000000000000e+00 -8.987519890069961548e-03
1.000000000000000000e+01 -4.695146344602108002e-03
1.050000000000000000e+01 9.529847651720046997e-03
1.100000000000000000e+01 4.249535501003265381e-02
1.150000000000000000e+01 7.959873974323272705e-02
1.200000000000000000e+01 8.253544569015502930e-02
1.250000000000000000e+01 4.628491401672363281e-02
1.300000000000000000e+01 1.101116836071014404e-02
1.350000000000000000e+01 -3.725956659764051437e-03
1.400000000000000000e+01 -1.264757569879293442e-02
1.450000000000000000e+01 -2.873473241925239563e-02
1.500000000000000000e+01 -4.691358283162117004e-02
1.550000000000000000e+01 -5.060124397277832031e-02
1.600000000000000000e+01 -3.357339650392532349e-02
1.650000000000000000e+01 -7.638104259967803955e-03
1.700000000000000000e+01 1.552393194288015366e-02
1.750000000000000000e+01 2.884845249354839325e-02
1.800000000000000000e+01 2.639467269182205200e-02
1.850000000000000000e+01 1.293766405433416367e-02
1.900000000000000000e+01 -8.227025391533970833e-04
1.950000000000000000e+01 -1.028459891676902771e-02
2.000000000000000000e+01 -1.309878658503293991e-02
2.050000000000000000e+01 -7.413780316710472107e-03
2.100000000000000000e+01 5.045161582529544830e-03
2.150000000000000000e+01 2.117658965289592743e-02
2.200000000000000000e+01 3.473732993006706238e-02
2.250000000000000000e+01 3.667149320244789124e-02
2.300000000000000000e+01 2.649898640811443329e-02
2.350000000000000000e+01 1.156661473214626312e-02
2.400000000000000000e+01 -6.883987225592136383e-03
2.450000000000000000e+01 -2.463156171143054962e-02
2.500000000000000000e+01 -2.576103061437606812e-02
2.550000000000000000e+01 -8.036443963646888733e-03
2.600000000000000000e+01 1.119391806423664093e-02
2.650000000000000000e+01 2.048447728157043457e-02
2.700000000000000000e+01 2.240942418575286865e-02
2.750000000000000000e+01 2.259257063269615173e-02
2.800000000000000000e+01 2.107182890176773071e-02
2.850000000000000000e+01 1.762189716100692749e-02
2.900000000000000000e+01 1.641608029603958130e-02
2.950000000000000000e+01 1.694661006331443787e-02
3.000000000000000000e+01 1.368868164718151093e-02
3.050000000000000000e+01 7.165251299738883972e-03
3.100000000000000000e+01 2.291541313752532005e-03
3.150000000000000000e+01 2.425783604849129915e-04
3.200000000000000000e+01 -1.012183958664536476e-03
3.250000000000000000e+01 -3.180154133588075638e-03
3.300000000000000000e+01 -5.606230348348617554e-03
3.350000000000000000e+01 -5.176337901502847672e-03
3.400000000000000000e+01 -2.291256678290665150e-04
3.450000000000000000e+01 6.346467416733503342e-03
3.500000000000000000e+01 1.064324937760829926e-02
3.550000000000000000e+01 1.458264887332916260e-02
3.600000000000000000e+01 2.317775413393974304e-02
3.650000000000000000e+01 3.099435567855834961e-02
3.700000000000000000e+01 2.677816525101661682e-02
3.750000000000000000e+01 1.382290385663509369e-02
3.800000000000000000e+01 3.771255724132061005e-03
3.850000000000000000e+01 -1.421853434294462204e-03
3.900000000000000000e+01 -6.568699143826961517e-03
3.950000000000000000e+01 -1.305175200104713440e-02
4.000000000000000000e+01 -1.686465181410312653e-02
4.050000000000000000e+01 -1.564744301140308380e-02
4.100000000000000000e+01 -1.427166163921356201e-02
4.150000000000000000e+01 -1.819227263331413269e-02
4.200000000000000000e+01 -2.426337264478206635e-02
4.250000000000000000e+01 -2.551804110407829285e-02
4.300000000000000000e+01 -2.048233151435852051e-02
4.350000000000000000e+01 -1.231817528605461121e-02
4.400000000000000000e+01 -5.442042835056781769e-03
4.450000000000000000e+01 -2.746864920482039452e-03
4.500000000000000000e+01 -3.762927837669849396e-03
4.550000000000000000e+01 -5.627679638564586639e-03
4.600000000000000000e+01 -5.281831137835979462e-03
4.650000000000000000e+01 -2.195046748965978622e-03
4.700000000000000000e+01 2.086139284074306488e-03
4.750000000000000000e+01 5.728381220251321793e-03
4.800000000000000000e+01 6.630342453718185425e-03
4.850000000000000000e+01 4.726208280771970749e-03
4.900000000000000000e+01 2.977741183713078499e-03
4.950000000000000000e+01 3.329497994855046272e-03
5.000000000000000000e+01 4.369500093162059784e-03
5.050000000000000000e+01 3.899466246366500854e-03
5.100000000000000000e+01 2.137143164873123169e-03
5.150000000000000000e+01 7.113255560398101807e-04
5.200000000000000000e+01 1.436471939086914062e-04
5.250000000000000000e+01 1.760898157954216003e-05
5.300000000000000000e+01 1.301086740568280220e-06
5.350000000000000000e+01 5.471520125865936279e-08
5.400000000000000000e+01 -1.396983861923217773e-08
5.450000000000000000e+01 0.000000000000000000e+00
5.500000000000000000e+01 2.793967723846435547e-08
5.550000000000000000e+01 4.423782229423522949e-08
5.600000000000000000e+01 2.328306436538696289e-09
5.650000000000000000e+01 -1.455191522836685181e-08
5.700000000000000000e+01 -8.149072527885437012e-09
5.750000000000000000e+01 1.164153218269348145e-08
5.800000000000000000e+01 -1.164153218269348145e-08
5.850000000000000000e+01 -2.561137080192565918e-08
5.900000000000000000e+01 -3.223249223083257675e-08
5.950000000000000000e+01 -4.656612873077392578e-09
6.000000000000000000e+01 -4.656612873077392578e-09
6.050000000000000000e+01 2.153683453798294067e-08
6.100000000000000000e+01 1.833541318774223328e-08
6.150000000000000000e+01 4.365574568510055542e-10
6.200000000000000000e+01 -1.164153218269348145e-08
6.250000000000000000e+01 6.984919309616088867e-09
6.300000000000000000e+01 2.328306436538696289e-08
6.350000000000000000e+01 1.629814505577087402e-08
6.400000000000000000e+01 -1.396983861923217773e-08
6.450000000000000000e+01 5.748006515204906464e-09
