-5.000000000000000000e+00 -2.211891114711761475e-08
-4.500000000000000000e+00 -1.280568540096282959e-08
-4.000000000000000000e+00 -2.328306436538696289e-09
-3.500000000000000000e+00 6.664777174592018127e-07
-3.000000000000000000e+00 1.775275450199842453e-05
-2.500000000000000000e+00 2.958346158266067505e-04
-2.000000000000000000e+00 3.080852795392274857e-03
-1.500000000000000000e+00 2.021852508187294006e-02
-1.000000000000000000e+00 8.391935378313064575e-02
-5.000000000000000000e-01 2.190841436386108398e-01
0.000000000000000000e+00 3.522185981273651123e-01
5.000000000000000000e-01 3.325400054454803467e-01
1.000000000000000000e+00 1.669667363166809082e-01
1.500000000000000000e+00 4.190713167190551758e-02
2.000000000000000000e+00 3.440580517053604126e-02
2.500000000000000000e+00 6.936246156692504883e-02
3.000000000000000000e+00 9.794978797435760498e-02
3.500000000000000000e+00 1.155491024255752563e-01
4.000000000000000000e+00 9.907290339469909668e-02
4.500000000000000000e+00 4.743756726384162903e-02
5.000000000000000000e+00 4.508242011070251465e-03
5.500000000000000000e+00 -7.421262562274932861e-03
6.000000000000000000e+00 -4.267658106982707977e-03
6.500000000000000000e+00 -1.110430806875228882e-03
7.000000000000000000e+00 -1.664291630731895566e-04
7.500000000000000000e+00 -7.143398397602140903e-05
8.000000000000000000e+00 -5.086684832349419594e-04
8.500000000000000000e+00 -2.781076822429895401e-03
9.000000000000000000e+00 -9.508119896054267883e-03
9.500000000000000000e+00 -2.053031697869300842e-02
1.000000000000000000e+01 -2.787541598081588745e-02
1.050000000000000000e+01 -2.109013870358467102e-02
1.100000000000000000e+01 1.001533237285912037e-03
1.150000000000000000e+01 2.609191834926605225e-02
1.200000000000000000e+01 3.674941137433052063e-02
1.250000000000000000e+01 2.852335758507251740e-02
1.300000000000000000e+01 9.991544298827648163e-03
1.350000000000000000e+01 -1.739629358053207397e-02
1.400000000000000000e+01 -5.550207570195198059e-02
1.450000000000000000e+01 -8.710579574108123779e-02
1.500000000000000000e+01 -8.673258125782012939e-02
1.550000000000000000e+01 -5.667370557785034180e-02
1.600000000000000000e+01 -2.375378832221031189e-02
1.650000000000000000e+01 -4.244815558195114136e-03
1.700000000000000000e+01 4.175223410129547119e-03
1.750000000000000000e+01 6.493264809250831604e-03
1.800000000000000000e+01 4.822532646358013153e-03
1.850000000000000000e+01 1.412431709468364716e-03
1.900000000000000000e+01 -3.779015503823757172e-03
1.950000000000000000e+01 -1.479409821331501007e-02
2.000000000000000000e+01 -3.138581663370132446e-02
2.050000000000000000e+01 -4.096620157361030579e-02
2.100000000000000000e+01 -3.255634009838104248e-02
2.150000000000000000e+01 -1.312077511101961136e-02
2.200000000000000000e+01 6.473716348409652710e-03
2.250000000000000000e+01 2.325319126248359680e-02
2.300000000000000000e+01 3.124563395977020264e-02
2.350000000000000000e+01 2.285781875252723694e-02
2.400000000000000000e+01 1.611878862604498863e-03
2.450000000000000000e+01 -2.102695405483245850e-02
2.500000000000000000e+01 -3.290322422981262207e-02
2.550000000000000000e+01 -2.794103696942329407e-02
2.600000000000000000e+01 -1.350322738289833069e-02
2.650000000000000000e+01 2.094020834192633629e-03
2.700000000000000000e+01 2.378508076071739197e-02
2.750000000000000000e+01 5.346524715423583984e-02
2.800000000000000000e+01 6.796515733003616333e-02
2.850000000000000000e+01 4.752695560455322266e-02
2.900000000000000000e+01 1.414255145937204361e-02
2.950000000000000000e+01 -2.493617357686161995e-03
3.000000000000000000e+01 -2.543611451983451843e-03
3.050000000000000000e+01 3.327851183712482452e-03
3.100000000000000000e+01 1.168686710298061371e-02
3.150000000000000000e+01 1.840948127210140228e-02
3.200000000000000000e+01 1.544722821563482285e-02
3.250000000000000000e+01 -7.406772347167134285e-04
3.300000000000000000e+01 -2.748252078890800476e-02
3.350000000000000000e+01 -5.245430395007133484e-02
3.400000000000000000e+01 -5.344550311565399170e-02
3.450000000000000000e+01 -2.233239822089672089e-02
3.500000000000000000e+01 2.807581610977649689e-02
3.550000000000000000e+01 7.558305561542510986e-02
3.600000000000000000e+01 8.933977782726287842e-02
3.650000000000000000e+01 5.917558073997497559e-02
3.700000000000000000e+01 1.005131844431161880e-02
3.750000000000000000e+01 -3.516606613993644714e-02
3.800000000000000000e+01 -6.181854382157325745e-02
3.850000000000000000e+01 -5.625680088996887207e-02
3.900000000000000000e+01 -2.774943038821220398e-02
3.950000000000000000e+01 2.431941684335470200e-03
4.000000000000000000e+01 2.735212072730064392e-02
4.050000000000000000e+01 4.310705512762069702e-02
4.100000000000000000e+01 4.149472713470458984e-02
4.150000000000000000e+01 2.439015544950962067e-02
4.200000000000000000e+01 2.976161893457174301e-03
4.250000000000000000e+01 -1.427047140896320343e-02
4.300000000000000000e+01 -2.150137908756732941e-02
4.350000000000000000e+01 -1.651623845100402832e-02
4.400000000000000000e+01 -5.758013576269149780e-03
4.450000000000000000e+01 2.864940324798226357e-03
4.500000000000000000e+01 7.529878057539463043e-03
4.550000000000000000e+01 1.096568070352077484e-02
4.600000000000000000e+01 1.460392773151397705e-02
4.650000000000000000e+01 1.451638992875814438e-02
4.700000000000000000e+01 7.742521353065967560e-03
4.750000000000000000e+01 -2.723163459450006485e-03
4.800000000000000000e+01 -1.178721059113740921e-02
4.850000000000000000e+01 -1.420430373400449753e-02
4.900000000000000000e+01 -7.985668256878852844e-03
4.950000000000000000e+01 3.711933270096778870e-03
5.000000000000000000e+01 1.645837724208831787e-02
5.050000000000000000e+01 2.380860038101673126e-02
5.100000000000000000e+01 2.048768103122711182e-02
5.150000000000000000e+01 1.093363389372825623e-02
5.200000000000000000e+01 3.616297617554664612e-03
5.250000000000000000e+01 7.376680150628089905e-04
5.300000000000000000e+01 9.239651262760162354e-05
5.350000000000000000e+01 7.099006325006484985e-06
5.400000000000000000e+01 3.585591912269592285e-07
5.450000000000000000e+01 3.725290298461914062e-08
5.500000000000000000e+01 2.793967723846435547e-08
5.550000000000000000e+01 4.190951585769653320e-08
5.600000000000000000e+01 1.047737896442413330e-08
5.650000000000000000e+01 -1.891748979687690735e-08
5.700000000000000000e+01 -2.735760062932968140e-08
5.750000000000000000e+01 8.367351256310939789e-09
5.800000000000000000e+01 8.440110832452774048e-09
5.850000000000000000e+01 -1.128682924900203943e-08
5.900000000000000000e+01 -2.533852239139378071e-08
5.950000000000000000e+01 -2.328306436538696289e-08
6.000000000000000000e+01 1.164153218269348145e-08
6.050000000000000000e+01 2.095475792884826660e-08
6.100000000000000000e+01 2.328306436538696289e-08
6.150000000000000000e+01 2.095475792884826660e-08
6.200000000000000000e+01 6.693881005048751831e-09
6.250000000000000000e+01 5.238689482212066650e-09
6.300000000000000000e+01 1.513399183750152588e-08
6.350000000000000000e+01 -6.984919309616088867e-09
6.400000000000000000e+01 -3.725290298461914062e-08
6.450000000000000000e+01 -1.600710675120353699e-08
