-5.000000000000000000e+00 8.294591680169105530e-09
-4.500000000000000000e+00 -1.629814505577087402e-08
-4.000000000000000000e+00 -2.328306436538696289e-09
-3.500000000000000000e+00 1.088483259081840515e-07
-3.000000000000000000e+00 -2.211891114711761475e-08
-2.500000000000000000e+00 2.677552402019500732e-08
-2.000000000000000000e+00 4.411504050949588418e-08
-1.500000000000000000e+00 -3.844434104394167662e-08
-1.000000000000000000e+00 1.989980228245258331e-04
-5.000000000000000000e-01 5.500536412000656128e-02
0.000000000000000000e+00 6.762467622756958008e-01
5.000000000000000000e-01 4.799040555953979492e-01
1.000000000000000000e+00 -1.151363179087638855e-02
1.500000000000000000e+00 -2.531450688838958740e-01
2.000000000000000000e+00 6.436385959386825562e-02
2.500000000000000000e+00 1.577409170567989349e-02
3.000000000000000000e+00 -4.788915812969207764e-02
3.500000000000000000e+00 1.094689965248107910e-01
4.000000000000000000e+00 2.024644911289215088e-01
4.500000000000000000e+00 -5.606383830308914185e-02
5.000000000000000000e+00 -3.360041230916976929e-02
5.500000000000000000e+00 -1.216868869960308075e-03
6.000000000000000000e+00 -1.440976001322269440e-02
6.500000000000000000e+00 -1.904011704027652740e-02
7.000000000000000000e+00 9.761000052094459534e-03
7.500000000000000000e+00 1.296090427786111832e-03
8.000000000000000000e+00 -1.560432314872741699e-01
8.500000000000000000e+00 -1.173399239778518677e-01
9.000000000000000000e+00 1.121401041746139526e-02
9.500000000000000000e+00 7.518594712018966675e-02
1.000000000000000000e+01 -4.825232550501823425e-02
1.050000000000000000e+01 -1.913205087184906006e-01
1.100000000000000000e+01 3.264687582850456238e-02
1.150000000000000000e+01 1.406332850456237793e-02
1.200000000000000000e+01 1.848082244396209717e-02
1.250000000000000000e+01 4.066758230328559875e-02
1.300000000000000000e+01 -3.008527308702468872e-02
1.350000000000000000e+01 -6.975748389959335327e-02
1.400000000000000000e+01 -2.162419632077217102e-02
1.450000000000000000e+01 -5.985041148960590363e-03
1.500000000000000000e+01 -5.985100194811820984e-02
1.550000000000000000e+01 -2.132490128278732300e-01
1.600000000000000000e+01 -7.292480766773223877e-02
1.650000000000000000e+01 -3.207465261220932007e-02
1.700000000000000000e+01 7.015322800725698471e-03
1.750000000000000000e+01 4.262456670403480530e-02
1.800000000000000000e+01 -4.566260427236557007e-02
1.850000000000000000e+01 -2.426429092884063721e-02
1.900000000000000000e+01 3.693433245643973351e-03
1.950000000000000000e+01 -5.206601321697235107e-02
2.000000000000000000e+01 -4.231188446283340454e-02
2.050000000000000000e+01 -2.300413092598319054e-03
2.100000000000000000e+01 -7.261054124683141708e-03
2.150000000000000000e+01 -1.354067120701074600e-02
2.200000000000000000e+01 2.859627129510045052e-03
2.250000000000000000e+01 4.764663055539131165e-02
2.300000000000000000e+01 1.322928629815578461e-02
2.350000000000000000e+01 -4.843770526349544525e-03
2.400000000000000000e+01 5.432405509054660797e-03
2.450000000000000000e+01 -4.544705152511596680e-02
2.500000000000000000e+01 -2.139015123248100281e-02
2.550000000000000000e+01 1.945539191365242004e-02
2.600000000000000000e+01 -8.403452113270759583e-03
2.650000000000000000e+01 -4.526279866695404053e-02
2.700000000000000000e+01 3.213697299361228943e-02
2.750000000000000000e+01 1.692790351808071136e-02
2.800000000000000000e+01 -4.250800609588623047e-02
2.850000000000000000e+01 1.522743958048522472e-03
2.900000000000000000e+01 3.829456120729446411e-02
2.950000000000000000e+01 -1.274748332798480988e-02
3.000000000000000000e+01 7.464925944805145264e-02
3.050000000000000000e+01 8.122780919075012207e-02
3.100000000000000000e+01 2.984936581924557686e-03
3.150000000000000000e+01 -1.059393212199211121e-02
3.200000000000000000e+01 -4.679770022630691528e-02
3.250000000000000000e+01 -9.619161486625671387e-02
3.300000000000000000e+01 -2.617730572819709778e-02
3.350000000000000000e+01 -1.192524097859859467e-02
3.400000000000000000e+01 1.118800416588783264e-02
3.450000000000000000e+01 5.398947745561599731e-03
3.500000000000000000e+01 4.962026700377464294e-02
3.550000000000000000e+01 1.264323145151138306e-01
3.600000000000000000e+01 7.973271422088146210e-03
3.650000000000000000e+01 -2.164302021265029907e-02
3.700000000000000000e+01 -3.329655388370156288e-03
3.750000000000000000e+01 -8.084096771199256182e-05
3.800000000000000000e+01 -9.667166508734226227e-03
3.850000000000000000e+01 -7.325521856546401978e-02
3.900000000000000000e+01 -2.565536275506019592e-02
3.950000000000000000e+01 -7.091361097991466522e-03
4.000000000000000000e+01 -4.796084016561508179e-02
4.050000000000000000e+01 -2.019526623189449310e-02
4.100000000000000000e+01 2.153746411204338074e-02
4.150000000000000000e+01 1.214836724102497101e-02
4.200000000000000000e+01 4.962731618434190750e-03
4.250000000000000000e+01 7.146210409700870514e-03
4.300000000000000000e+01 -4.867066442966461182e-02
4.350000000000000000e+01 -6.065094843506813049e-02
4.400000000000000000e+01 -1.001097960397601128e-03
4.450000000000000000e+01 -7.513189688324928284e-03
4.500000000000000000e+01 3.955833613872528076e-02
4.550000000000000000e+01 9.707031771540641785e-03
4.600000000000000000e+01 -1.287498511373996735e-02
4.650000000000000000e+01 4.211214929819107056e-02
4.700000000000000000e+01 4.529202729463577271e-02
4.750000000000000000e+01 -1.749678142368793488e-02
4.800000000000000000e+01 1.131385448388755322e-03
4.850000000000000000e+01 9.471314027905464172e-03
4.900000000000000000e+01 5.731045966967940331e-04
4.950000000000000000e+01 4.379627171147149056e-06
5.000000000000000000e+01 1.449938165023922920e-03
5.050000000000000000e+01 3.300017118453979492e-02
5.100000000000000000e+01 3.300029784440994263e-02
5.150000000000000000e+01 1.450106501579284668e-03
5.200000000000000000e+01 2.877786755561828613e-06
5.250000000000000000e+01 -1.024454832077026367e-07
5.300000000000000000e+01 3.958120942115783691e-08
5.350000000000000000e+01 1.396983861923217773e-08
5.400000000000000000e+01 -1.396983861923217773e-08
5.450000000000000000e+01 -5.820766091346740723e-08
5.500000000000000000e+01 0.000000000000000000e+00
5.550000000000000000e+01 1.676380634307861328e-07
5.600000000000000000e+01 5.122274160385131836e-08
5.650000000000000000e+01 -1.728767529129981995e-07
5.700000000000000000e+01 -1.135049387812614441e-08
5.750000000000000000e+01 6.635673344135284424e-08
5.800000000000000000e+01 5.438778316602110863e-09
5.850000000000000000e+01 -7.392372936010360718e-08
5.900000000000000000e+01 -5.820766091346740723e-08
5.950000000000000000e+01 -9.313225746154785156e-09
6.000000000000000000e+01 -1.746229827404022217e-08
6.050000000000000000e+01 1.024454832077026367e-07
6.100000000000000000e+01 1.012813299894332886e-07
6.150000000000000000e+01 -3.725290298461914062e-08
6.200000000000000000e+01 -5.820766091346740723e-08
6.250000000000000000e+01 -2.677552402019500732e-08
6.300000000000000000e+01 3.055902197957038879e-08
6.350000000000000000e+01 -4.656612873077392578e-09
6.400000000000000000e+01 -9.138602763414382935e-08
6.450000000000000000e+01 -1.001171767711639404e-07
