-5.000000000000000000e+00 -3.259629011154174805e-08
-4.500000000000000000e+00 -2.761225914582610130e-08
-4.000000000000000000e+00 -2.856295466813207895e-08
-3.500000000000000000e+00 8.899213810309447581e-08
-3.000000000000000000e+00 -4.711353085440350696e-08
-2.500000000000000000e+00 4.951289156451821327e-08
-2.000000000000000000e+00 -3.725290298461914062e-08
-1.500000000000000000e+00 3.608874976634979248e-08
-1.000000000000000000e+00 2.996472176164388657e-05
-5.000000000000000000e-01 1.438103523105382919e-02
0.000000000000000000e+00 4.114160239696502686e-01
5.000000000000000000e-01 5.448248386383056641e-01
1.000000000000000000e+00 5.408971011638641357e-02
1.500000000000000000e+00 5.270485207438468933e-02
2.000000000000000000e+00 1.985787972807884216e-02
2.500000000000000000e+00 -1.790154166519641876e-02
3.000000000000000000e+00 -7.497617602348327637e-02
3.500000000000000000e+00 1.915469169616699219e-01
4.000000000000000000e+00 2.440206706523895264e-01
4.500000000000000000e+00 5.461085587739944458e-02
5.000000000000000000e+00 7.486066315323114395e-04
5.500000000000000000e+00 -5.157801508903503418e-02
6.000000000000000000e+00 -4.188850522041320801e-02
6.500000000000000000e+00 1.771226152777671814e-02
7.000000000000000000e+00 1.253616958856582642e-01
7.500000000000000000e+00 3.596609085798263550e-02
8.000000000000000000e+00 -3.745412826538085938e-02
8.500000000000000000e+00 -6.163522973656654358e-02
9.000000000000000000e+00 -6.474860943853855133e-03
9.500000000000000000e+00 1.851101405918598175e-02
1.000000000000000000e+01 2.624886855483055115e-02
1.050000000000000000e+01 2.271296922117471695e-03
1.100000000000000000e+01 -2.023367583751678467e-02
1.150000000000000000e+01 -4.018006846308708191e-02
1.200000000000000000e+01 4.142407327890396118e-03
1.250000000000000000e+01 1.180380582809448242e-01
1.300000000000000000e+01 8.218935132026672363e-02
1.350000000000000000e+01 -9.646723628975450993e-04
1.400000000000000000e+01 -4.137307778000831604e-02
1.450000000000000000e+01 -2.790766209363937378e-02
1.500000000000000000e+01 -8.135643787682056427e-03
1.550000000000000000e+01 -1.601324975490570068e-01
1.600000000000000000e+01 -1.356126964092254639e-01
1.650000000000000000e+01 -1.478532701730728149e-02
1.700000000000000000e+01 -1.860116841271519661e-03
1.750000000000000000e+01 -8.520799383404664695e-06
1.800000000000000000e+01 -1.226007043442223221e-05
1.850000000000000000e+01 -4.051676951348781586e-03
1.900000000000000000e+01 -6.317105889320373535e-02
1.950000000000000000e+01 -4.792634025216102600e-02
2.000000000000000000e+01 -1.254996866919100285e-03
2.050000000000000000e+01 2.138296142220497131e-02
2.100000000000000000e+01 5.248306319117546082e-02
2.150000000000000000e+01 3.329914761707186699e-03
2.200000000000000000e+01 -2.154183574020862579e-02
2.250000000000000000e+01 -5.260098353028297424e-02
2.300000000000000000e+01 1.088587101548910141e-02
2.350000000000000000e+01 1.168447732925415039e-01
2.400000000000000000e+01 3.348901122808456421e-02
2.450000000000000000e+01 3.181884239893406630e-04
2.500000000000000000e+01 -1.227142475545406342e-02
2.550000000000000000e+01 -7.283914089202880859e-02
2.600000000000000000e+01 -2.450035512447357178e-02
2.650000000000000000e+01 7.807623478583991528e-04
2.700000000000000000e+01 2.135095745325088501e-02
2.750000000000000000e+01 1.562107913196086884e-02
2.800000000000000000e+01 4.628804745152592659e-04
2.850000000000000000e+01 -5.669232923537492752e-03
2.900000000000000000e+01 -5.843207240104675293e-02
2.950000000000000000e+01 -3.779469057917594910e-02
3.000000000000000000e+01 -1.301182317547500134e-03
3.050000000000000000e+01 3.422503596084425226e-06
3.100000000000000000e+01 2.857584506273269653e-03
3.150000000000000000e+01 6.414890289306640625e-02
3.200000000000000000e+01 5.182481557130813599e-02
3.250000000000000000e+01 -5.385316908359527588e-03
3.300000000000000000e+01 1.956897322088479996e-03
3.350000000000000000e+01 3.282195329666137695e-02
3.400000000000000000e+01 7.664436101913452148e-02
3.450000000000000000e+01 1.465352065861225128e-02
3.500000000000000000e+01 -3.428938332945108414e-03
3.550000000000000000e+01 -1.673741266131401062e-02
3.600000000000000000e+01 -4.310176707804203033e-03
3.650000000000000000e+01 -1.595525257289409637e-02
3.700000000000000000e+01 -2.176138572394847870e-02
3.750000000000000000e+01 -2.692256122827529907e-03
3.800000000000000000e+01 -7.748873904347419739e-03
3.850000000000000000e+01 3.795359656214714050e-02
3.900000000000000000e+01 5.538748949766159058e-02
3.950000000000000000e+01 3.328256774693727493e-03
4.000000000000000000e+01 8.736764357308857143e-06
4.050000000000000000e+01 7.963001280586468056e-08
4.100000000000000000e+01 -1.055931591054104501e-07
4.150000000000000000e+01 -2.277025714647606947e-06
4.200000000000000000e+01 -1.410501427017152309e-03
4.250000000000000000e+01 -4.294104874134063721e-02
4.300000000000000000e+01 -6.318917870521545410e-02
4.350000000000000000e+01 -4.438461735844612122e-03
4.400000000000000000e+01 -1.203903138957684860e-05
4.450000000000000000e+01 9.690627921372652054e-04
4.500000000000000000e+01 2.050200849771499634e-02
4.550000000000000000e+01 8.771547675132751465e-02
4.600000000000000000e+01 5.601990967988967896e-02
4.650000000000000000e+01 1.789326779544353485e-03
4.700000000000000000e+01 2.488311110937502235e-06
4.750000000000000000e+01 -5.432121241710774484e-08
4.800000000000000000e+01 3.470532661253855622e-08
4.850000000000000000e+01 -1.198402896989136934e-04
4.900000000000000000e+01 -9.523088112473487854e-03
4.950000000000000000e+01 -3.424280136823654175e-02
5.000000000000000000e+01 -1.710615679621696472e-02
5.050000000000000000e+01 -4.962109960615634918e-03
5.100000000000000000e+01 4.579207301139831543e-02
5.150000000000000000e+01 2.471927553415298462e-02
5.200000000000000000e+01 5.814293399453163147e-04
5.250000000000000000e+01 5.494803190231323242e-07
5.300000000000000000e+01 7.101334631443023682e-08
5.350000000000000000e+01 -6.548361852765083313e-10
5.400000000000000000e+01 -6.984919309616088867e-09
5.450000000000000000e+01 -5.355104804039001465e-08
5.500000000000000000e+01 0.000000000000000000e+00
5.550000000000000000e+01 6.519258022308349609e-08
5.600000000000000000e+01 1.629814505577087402e-08
5.650000000000000000e+01 -3.492459654808044434e-08
5.700000000000000000e+01 -6.519258022308349609e-08
5.750000000000000000e+01 5.005858838558197021e-08
5.800000000000000000e+01 8.381903171539306641e-08
5.850000000000000000e+01 -6.984919309616088867e-08
5.900000000000000000e+01 3.899913281202316284e-08
5.950000000000000000e+01 1.164153218269348145e-08
6.000000000000000000e+01 -7.683411240577697754e-08
6.050000000000000000e+01 8.702045306563377380e-08
6.100000000000000000e+01 -4.773028194904327393e-08
6.150000000000000000e+01 7.625203579664230347e-08
6.200000000000000000e+01 -4.161847755312919617e-08
6.250000000000000000e+01 -4.423782229423522949e-08
6.300000000000000000e+01 -1.979060471057891846e-08
6.350000000000000000e+01 -3.026798367500305176e-08
6.400000000000000000e+01 6.519258022308349609e-08
6.450000000000000000e+01 1.164153218269348145e-08
