-5.000000000000000000e+00 2.257365849800407887e-08
-4.500000000000000000e+00 -9.196810424327850342e-08
-4.000000000000000000e+00 5.122274160385131836e-08
-3.500000000000000000e+00 -2.954038791358470917e-08
-3.000000000000000000e+00 3.997570274805184454e-08
-2.500000000000000000e+00 1.097053115017843083e-08
-2.000000000000000000e+00 -6.476511771325021982e-08
-1.500000000000000000e+00 6.629852578043937683e-07
-1.000000000000000000e+00 1.839778851717710495e-03
-5.000000000000000000e-01 2.025667130947113037e-01
0.000000000000000000e+00 9.871137738227844238e-01
5.000000000000000000e-01 2.112397402524948120e-01
1.000000000000000000e+00 -4.916574805974960327e-02
1.500000000000000000e+00 -4.640070348978042603e-02
2.000000000000000000e+00 4.538049979601055384e-04
2.500000000000000000e+00 1.057561952620744705e-02
3.000000000000000000e+00 5.157086998224258423e-02
3.500000000000000000e+00 2.243647724390029907e-01
4.000000000000000000e+00 1.874821633100509644e-01
4.500000000000000000e+00 4.966267384588718414e-03
5.000000000000000000e+00 -1.781056262552738190e-02
5.500000000000000000e+00 -1.509660948067903519e-02
6.000000000000000000e+00 -6.845842115581035614e-03
6.500000000000000000e+00 6.120032630860805511e-03
7.000000000000000000e+00 4.888381808996200562e-02
7.500000000000000000e+00 1.585363037884235382e-02
8.000000000000000000e+00 -1.560113299638032913e-02
8.500000000000000000e+00 -7.412559539079666138e-02
9.000000000000000000e+00 -2.808573422953486443e-03
9.500000000000000000e+00 4.958934616297483444e-03
1.000000000000000000e+01 8.768127008806914091e-05
1.050000000000000000e+01 3.065390956180635840e-06
1.100000000000000000e+01 1.646246062591671944e-03
1.150000000000000000e+01 4.484881460666656494e-02
1.200000000000000000e+01 7.047083228826522827e-02
1.250000000000000000e+01 8.033800870180130005e-03
1.300000000000000000e+01 3.498564008623361588e-03
1.350000000000000000e+01 1.394774578511714935e-02
1.400000000000000000e+01 2.347135217860341072e-03
1.450000000000000000e+01 -1.506388653069734573e-02
1.500000000000000000e+01 -1.558301746845245361e-01
1.550000000000000000e+01 -1.760633289813995361e-01
1.600000000000000000e+01 -9.191710501909255981e-03
1.650000000000000000e+01 3.879705071449279785e-02
1.700000000000000000e+01 7.224881649017333984e-02
1.750000000000000000e+01 7.300049997866153717e-03
1.800000000000000000e+01 -9.745377115905284882e-03
1.850000000000000000e+01 -2.864308655261993408e-02
1.900000000000000000e+01 -7.619683444499969482e-02
1.950000000000000000e+01 -5.078804120421409607e-02
2.000000000000000000e+01 -3.436117991805076599e-02
2.050000000000000000e+01 -2.811335027217864990e-02
2.100000000000000000e+01 3.224686160683631897e-02
2.150000000000000000e+01 1.825645752251148224e-02
2.200000000000000000e+01 2.397879143245518208e-04
2.250000000000000000e+01 -5.286751314997673035e-03
2.300000000000000000e+01 -2.528473734855651855e-03
2.350000000000000000e+01 1.144549623131752014e-02
2.400000000000000000e+01 1.940719410777091980e-02
2.450000000000000000e+01 -2.171253040432929993e-02
2.500000000000000000e+01 -1.150630041956901550e-01
2.550000000000000000e+01 -8.997797966003417969e-03
2.600000000000000000e+01 8.190841414034366608e-03
2.650000000000000000e+01 -1.635058870306238532e-04
2.700000000000000000e+01 -4.127074964344501495e-03
2.750000000000000000e+01 2.958859503269195557e-02
2.800000000000000000e+01 4.888971894979476929e-02
2.850000000000000000e+01 4.591880366206169128e-02
2.900000000000000000e+01 3.628025949001312256e-02
2.950000000000000000e+01 2.100062556564807892e-03
3.000000000000000000e+01 -1.876875059679150581e-03
3.050000000000000000e+01 -1.419672369956970215e-02
3.100000000000000000e+01 -6.785504519939422607e-03
3.150000000000000000e+01 -6.059959996491670609e-04
3.200000000000000000e+01 -3.125033527612686157e-02
3.250000000000000000e+01 -9.149815887212753296e-02
3.300000000000000000e+01 -7.571280002593994141e-03
3.350000000000000000e+01 5.619658986688591540e-05
3.400000000000000000e+01 1.799625337639554346e-08
3.450000000000000000e+01 1.589428575243800879e-05
3.500000000000000000e+01 3.360785543918609619e-03
3.550000000000000000e+01 3.146226704120635986e-02
3.600000000000000000e+01 1.312819216400384903e-02
3.650000000000000000e+01 2.449528838042169809e-04
3.700000000000000000e+01 -1.008496383292367682e-05
3.750000000000000000e+01 -2.866834169253706932e-03
3.800000000000000000e+01 -3.492381423711776733e-02
3.850000000000000000e+01 -1.869341731071472168e-02
3.900000000000000000e+01 -4.396645817905664444e-04
3.950000000000000000e+01 -4.506989057517785113e-07
4.000000000000000000e+01 -3.647260018624365330e-05
4.050000000000000000e+01 -5.418582819402217865e-03
4.100000000000000000e+01 -3.533361852169036865e-02
4.150000000000000000e+01 -1.012479513883590698e-02
4.200000000000000000e+01 -9.671652223914861679e-04
4.250000000000000000e+01 -2.156420052051544189e-02
4.300000000000000000e+01 -2.970723435282707214e-02
4.350000000000000000e+01 -8.623565547168254852e-03
4.400000000000000000e+01 -5.888513405807316303e-04
4.450000000000000000e+01 3.389205176063114777e-06
4.500000000000000000e+01 8.150011999532580376e-04
4.550000000000000000e+01 5.315072834491729736e-03
4.600000000000000000e+01 1.524818129837512970e-03
4.650000000000000000e+01 7.559541845694184303e-04
4.700000000000000000e+01 1.226908061653375626e-02
4.750000000000000000e+01 8.976383134722709656e-03
4.800000000000000000e+01 2.885855792555958033e-04
4.850000000000000000e+01 4.045867285640269984e-07
4.900000000000000000e+01 2.556397157604806125e-05
4.950000000000000000e+01 3.793300129473209381e-03
5.000000000000000000e+01 2.484929561614990234e-02
5.050000000000000000e+01 1.236089412122964859e-02
5.100000000000000000e+01 1.468144357204437256e-02
5.150000000000000000e+01 3.734212368726730347e-03
5.200000000000000000e+01 7.310591172426939011e-05
5.250000000000000000e+01 9.778887033462524414e-08
5.300000000000000000e+01 -2.561137080192565918e-08
5.350000000000000000e+01 7.334165275096893311e-08
5.400000000000000000e+01 -2.561137080192565918e-08
5.450000000000000000e+01 -5.587935447692871094e-08
5.500000000000000000e+01 1.862645149230957031e-08
5.550000000000000000e+01 1.117587089538574219e-07
5.600000000000000000e+01 -7.566995918750762939e-09
5.650000000000000000e+01 -6.344635039567947388e-08
5.700000000000000000e+01 -2.502929419279098511e-08
5.750000000000000000e+01 1.579610398039221764e-07
5.800000000000000000e+01 -6.635673344135284424e-08
5.850000000000000000e+01 -8.498318493366241455e-08
5.900000000000000000e+01 -3.128661774098873138e-09
5.950000000000000000e+01 -5.587935447692871094e-08
6.000000000000000000e+01 1.746229827404022217e-08
6.050000000000000000e+01 4.860339686274528503e-08
6.100000000000000000e+01 3.969034878537058830e-08
6.150000000000000000e+01 -1.444931285732309334e-08
6.200000000000000000e+01 -4.829416866414248943e-09
6.250000000000000000e+01 -5.238689482212066650e-09
6.300000000000000000e+01 0.000000000000000000e+00
6.350000000000000000e+01 1.396983861923217773e-08
6.400000000000000000e+01 -5.165929906070232391e-08
6.450000000000000000e+01 -7.392372936010360718e-08
