1.000000000000000000e+00 5.446921975364509283e-01 9.106595717911804000e-01
2.000000000000000000e+00 3.457243539505661101e-02 1.670682827531819736e-01
3.000000000000000000e+00 9.167312002099720081e-01 3.616611637764743925e-02
4.000000000000000000e+00 3.910308159620407009e-01 2.554320120039643705e-01
5.000000000000000000e+00 2.074962057300794305e-01 3.234630950961361329e-01
6.000000000000000000e+00 1.283074986867028811e-01 4.460960772825948162e-01
7.000000000000000000e+00 5.433483132337741939e-01 6.718619196277797467e-01
8.000000000000000000e+00 5.472437445619851015e-01 2.135378026757722703e-01
9.000000000000000000e+00 8.160587493901982903e-02 9.241445387157857239e-01
1.000000000000000000e+01 5.908225479845621297e-01 5.803487862906193673e-01
1.100000000000000000e+01 5.817693708045530432e-01 6.501596193291414583e-01
1.200000000000000000e+01 9.477301968702610546e-01 7.156210721854858736e-01
1.300000000000000000e+01 2.378619368497126851e-01 1.606141825308603499e-01
1.400000000000000000e+01 3.909505396160141144e-01 4.712720932573095656e-01
1.500000000000000000e+01 2.784590393844463829e-01 9.734386632691890417e-01
1.600000000000000000e+01 9.708636615688932547e-01 3.540939474928664898e-01
1.700000000000000000e+01 2.569150928237809994e-01 9.729789797920697092e-01
1.800000000000000000e+01 7.906604436546336157e-01 6.497069769558686536e-01
1.900000000000000000e+01 4.644548834706133666e-01 5.884924062159538893e-01
2.000000000000000000e+01 8.509753388052084810e-01 3.982992904388321653e-01
2.100000000000000000e+01 4.533994474126495922e-01 8.845598133992589318e-01
2.200000000000000000e+01 8.917953689937945239e-01 3.461629632860800942e-01
2.300000000000000000e+01 2.830612590082356439e-01 8.977362385379877852e-01
2.400000000000000000e+01 4.999460157553214934e-01 3.037088508204173198e-01
2.500000000000000000e+01 2.546533405426536500e-01 2.175631616847794048e-01
2.600000000000000000e+01 8.771352812472783533e-01 6.965056363172722476e-01
2.700000000000000000e+01 4.185641355772806715e-01 9.601245544061441928e-01
2.800000000000000000e+01 7.132081640601332095e-01 5.527449621208790909e-01
2.900000000000000000e+01 3.562152340785377236e-01 7.398171398191996095e-01
3.000000000000000000e+01 5.661754273316954578e-02 9.979572473370907915e-01
3.100000000000000000e+01 9.775561691033987088e-01 8.955870051429095646e-01
3.200000000000000000e+01 1.198136786846356605e-01 4.300906463639999622e-01
3.300000000000000000e+01 5.645582340734972560e-01 4.037132907555622818e-01
3.400000000000000000e+01 9.409811051044176811e-01 8.470608229875854489e-01
3.500000000000000000e+01 6.324167441403010237e-01 4.071934151882661279e-01
3.600000000000000000e+01 2.292937481981616177e-01 4.143556862946488062e-01
3.700000000000000000e+01 8.877535651734124178e-01 1.908289134772345186e-02
3.800000000000000000e+01 2.722033889755555158e-01 9.465968417320224093e-01
3.900000000000000000e+01 6.771746919287603417e-01 3.084267073837645423e-01
4.000000000000000000e+01 2.572121571503619419e-01 8.528309194367839075e-01
4.100000000000000000e+01 5.167512466853785291e-01 6.550211540973850388e-01
4.200000000000000000e+01 3.153024380864647425e-01 3.568366861327227912e-01
4.300000000000000000e+01 7.375055970782062875e-01 9.935415302373081792e-01
4.400000000000000000e+01 1.306094217084532438e-01 9.678391401383116266e-01
4.500000000000000000e+01 5.309122891828680357e-01 5.492929441348775033e-01
4.600000000000000000e+01 3.465398364289180577e-01 5.885933579829280005e-01
4.700000000000000000e+01 2.693454134077829520e-01 1.474124431720684747e-01
4.800000000000000000e+01 1.363493051373689813e-01 7.406707304065618391e-02
4.900000000000000000e+01 9.042105887861885405e-01 3.030375266586502470e-01
5.000000000000000000e+01 3.407990285422668464e-02 2.590291749043749370e-01
5.100000000000000000e+01 5.906739818132241693e-01 9.110106968410167649e-01
5.200000000000000000e+01 1.677322075055349693e-01 7.161675048204558802e-01
5.300000000000000000e+01 8.067626378557746225e-02 1.680268772208424188e-01
5.400000000000000000e+01 5.703330458526689739e-01 2.779018256979746138e-01
5.500000000000000000e+01 4.123222968107232989e-01 7.114879615110238920e-01
5.600000000000000000e+01 2.732146431648097007e-03 6.550510448773382288e-01
5.700000000000000000e+01 9.044812690081606155e-01 7.276165677741452953e-02
5.800000000000000000e+01 1.867055644042452389e-01 9.218279046357293893e-01
5.900000000000000000e+01 8.220844452481046449e-01 5.577026032351714013e-01
6.000000000000000000e+01 8.301818823794654412e-01 4.980891005576183472e-01
6.100000000000000000e+01 1.339042969451829102e-01 8.528418092387690663e-03
6.200000000000000000e+01 1.797701769327282317e-01 8.504412329867756526e-01
6.300000000000000000e+01 4.334088018690962496e-02 4.782969029895129953e-01
6.400000000000000000e+01 2.838205620398471796e-01 9.992971725976418362e-01
6.500000000000000000e+01 7.807401812160081889e-01 5.096247479239156553e-01
6.600000000000000000e+01 4.845728872401801057e-01 3.640377945855730601e-01
6.700000000000000000e+01 4.220697606786052436e-01 4.129397669760637157e-02
6.800000000000000000e+01 4.246817518417989046e-01 9.168615213890934923e-01
6.900000000000000000e+01 4.628478853488199318e-01 8.953657347348384921e-01
7.000000000000000000e+01 7.496801325459234722e-02 9.568036744589956122e-01
7.100000000000000000e+01 6.225585153543278238e-02 2.911993661961064239e-01
7.200000000000000000e+01 4.096291105845303315e-01 2.088966103399406693e-01
7.300000000000000000e+01 4.016347828200145242e-01 9.915694853130841979e-01
7.400000000000000000e+01 3.650600826632990348e-01 4.591637184198582577e-01
7.500000000000000000e+01 5.808807745682543766e-01 9.084959407500602380e-01
7.600000000000000000e+01 2.497033407392394988e-01 4.783826162098383517e-01
7.700000000000000000e+01 5.804522904787166038e-01 7.595663601453379599e-01
7.800000000000000000e+01 9.542278962259753694e-01 3.228897581081574542e-01
7.900000000000000000e+01 1.576603044849943513e-01 6.117171415539164325e-01
8.000000000000000000e+01 9.681218795117110254e-01 6.932872443281652419e-01
8.100000000000000000e+01 9.258862820157885976e-01 4.104479315799778316e-01
8.200000000000000000e+01 3.171446513419132751e-01 9.060633550494696653e-01
8.300000000000000000e+01 7.019180784055357725e-01 8.491104112253683445e-01
8.400000000000000000e+01 8.636271510976347709e-01 5.361839588821785130e-01
8.500000000000000000e+01 3.552759679466029885e-01 8.070161457084777945e-01
8.600000000000000000e+01 1.091006218273383732e-01 7.296187755848289047e-01
8.700000000000000000e+01 7.142053593024736413e-01 8.808305649344227994e-01
8.800000000000000000e+01 6.308482438861943153e-01 5.146389344105349872e-01
8.900000000000000000e+01 4.494846289401120965e-01 6.146833478126355610e-01
9.000000000000000000e+01 5.014156126113993306e-01 1.624242385486831530e-01
9.100000000000000000e+01 4.464940954362289771e-01 9.143512862424539867e-01
9.200000000000000000e+01 1.099198829224867779e-01 4.328688730420904296e-02
9.300000000000000000e+01 8.759295448115839156e-01 5.171552204023506238e-01
9.400000000000000000e+01 4.607465996428946609e-01 7.930436366015827243e-01
9.500000000000000000e+01 1.739322992996314987e-01 2.249925115447894974e-01
9.600000000000000000e+01 6.614749608908443435e-02 5.112119987080359085e-01
9.700000000000000000e+01 5.875530993741038266e-01 1.360151955893348363e-01
9.800000000000000000e+01 6.245791287182141938e-01 1.221904622166477550e-01
9.900000000000000000e+01 6.043269730627398584e-02 4.304910334396806482e-01
1.000000000000000000e+02 8.033901796353126734e-02 7.252793929843798226e-01
1.010000000000000000e+02 3.952826760701074749e-01 5.710235482245051841e-02
1.020000000000000000e+02 6.121274342365177201e-01 5.831320264893581351e-01
1.030000000000000000e+02 1.600158549106194261e-01 1.977978833713772699e-01
1.040000000000000000e+02 2.982265535650195920e-01 9.459562072357401430e-01
1.050000000000000000e+02 1.428430944393812574e-01 3.128097236092616251e-01
1.060000000000000000e+02 9.220999177791107115e-01 4.517572474025092211e-01
1.070000000000000000e+02 2.470688814083301654e-01 9.255120035723736205e-01
1.080000000000000000e+02 6.470829170140355302e-01 2.330273173164443268e-01
1.090000000000000000e+02 5.509578883311788688e-01 5.564461926291415228e-01
1.100000000000000000e+02 2.206236069219906781e-01 1.070229626722718486e-01
1.110000000000000000e+02 8.266952499787272313e-01 1.266939138223044381e-02
1.120000000000000000e+02 2.720169350313412782e-01 5.955326990399882892e-01
1.130000000000000000e+02 4.045818907437198630e-01 6.471096821266481003e-01
1.140000000000000000e+02 9.475127184396695545e-01 9.066900588510209413e-01
1.150000000000000000e+02 4.994579736470573517e-01 8.156465124687295454e-01
1.160000000000000000e+02 8.280000566261549455e-01 8.669694152022527911e-01
1.170000000000000000e+02 1.035546179582821358e-01 1.135237559567919829e-01
1.180000000000000000e+02 8.173589254506681279e-01 5.987122085744903677e-01
1.190000000000000000e+02 8.525849410144676899e-01 5.663002886899678456e-01
1.200000000000000000e+02 5.268256662502608378e-01 8.565967786324459876e-01
1.210000000000000000e+02 4.403371052799083252e-01 8.557147804774705158e-01
1.220000000000000000e+02 5.942034125380996068e-01 7.176092557688308338e-01
1.230000000000000000e+02 4.800032425832447824e-01 6.453886737066860668e-02
1.240000000000000000e+02 6.257643562361467904e-01 7.691812153944688202e-02
1.250000000000000000e+02 9.573017149679421411e-01 3.447785656437144519e-01
1.260000000000000000e+02 6.183838007106864376e-01 1.877775620035289084e-01
1.270000000000000000e+02 3.065214056672895815e-01 7.974947310834946679e-01
1.280000000000000000e+02 9.305993398957257412e-02 4.680403782762859732e-01
1.290000000000000000e+02 4.162429196786325836e-01 7.781198279233134674e-01
1.300000000000000000e+02 8.498781451652758223e-01 4.579657127805425443e-02
1.310000000000000000e+02 9.661239449584148042e-01 8.727206214227676284e-01
1.320000000000000000e+02 3.956767655149284746e-02 6.355341155511773366e-01
1.330000000000000000e+02 6.513432667794947228e-01 2.615902269210448328e-01
1.340000000000000000e+02 1.814162936550181016e-01 1.824147584197810534e-01
1.350000000000000000e+02 3.160680422172096327e-01 1.699669021435481486e-01
1.360000000000000000e+02 1.894447268508940851e-01 8.952087578545758761e-01
1.370000000000000000e+02 7.291385280295081817e-02 3.976360474357153452e-01
1.380000000000000000e+02 8.175279928961690645e-01 3.509137553639185558e-01
1.390000000000000000e+02 9.626966789165448679e-01 9.201660313440134242e-01
1.400000000000000000e+02 7.841706653489279866e-01 1.543513385443363584e-01
1.410000000000000000e+02 2.846172511300437691e-02 3.122710715002124937e-01
1.420000000000000000e+02 4.591313603575853941e-01 1.525515882393246869e-01
1.430000000000000000e+02 7.729293473721206009e-01 4.992840246097414170e-01
1.440000000000000000e+02 1.185318593453673630e-01 1.319353900647994848e-01
1.450000000000000000e+02 3.020666184273445021e-01 8.856586866772651057e-01
1.460000000000000000e+02 5.815264265548297784e-01 6.931286501485529605e-01
1.470000000000000000e+02 1.614483335100741490e-01 3.840852555162133086e-02
1.480000000000000000e+02 4.654400325591432352e-01 8.845927170531453498e-01
1.490000000000000000e+02 8.737691307339012781e-01 3.462758348572053668e-01
1.500000000000000000e+02 9.741880545259241631e-01 7.420086028861355709e-01
1.510000000000000000e+02 9.115004234759448432e-01 1.269661069647158858e-01
1.520000000000000000e+02 4.255574580142802432e-01 3.352271416934585746e-01
1.530000000000000000e+02 4.064405466789290378e-01 5.577052770979202823e-01
1.540000000000000000e+02 3.003194890331116751e-01 5.908071233299251324e-01
1.550000000000000000e+02 8.054349085829782817e-01 5.142908530789001009e-01
1.560000000000000000e+02 1.465057682666641714e-01 5.267162241079298424e-01
1.570000000000000000e+02 6.452071509702844709e-01 1.523792958175178569e-01
1.580000000000000000e+02 5.697806129046557588e-01 9.877556842739509957e-01
1.590000000000000000e+02 8.803972439576721598e-01 5.741006102927088683e-01
1.600000000000000000e+02 3.167683812257430231e-01 7.821595079166576703e-02
1.610000000000000000e+02 5.194200611865419370e-01 2.263623746309878504e-01
1.620000000000000000e+02 5.124449177955225920e-01 4.738779226045155557e-01
1.630000000000000000e+02 6.847833825478480962e-01 4.404303193815330975e-01
1.640000000000000000e+02 1.002367967054988984e-01 9.821250156912834095e-01
1.650000000000000000e+02 1.020929366753040579e-01 5.244640347513174206e-02
1.660000000000000000e+02 4.545631462935875167e-01 8.945413736055296550e-02
1.670000000000000000e+02 8.567804396619906893e-01 6.726725804405051523e-01
1.680000000000000000e+02 7.930642954492903574e-01 5.963619887316186086e-01
1.690000000000000000e+02 5.201843479325884978e-02 9.993543519510816875e-01
1.700000000000000000e+02 1.356853694020173640e-01 3.026694742083424483e-01
1.710000000000000000e+02 2.228370054042780879e-01 3.536347866362999914e-01
1.720000000000000000e+02 1.759032969838754124e-01 4.687579879394696558e-01
1.730000000000000000e+02 5.188286864290524436e-01 3.061313714278479647e-01
1.740000000000000000e+02 2.853013416256527934e-01 9.895764139548913763e-01
1.750000000000000000e+02 4.290710870899256957e-01 1.803713626596260555e-01
1.760000000000000000e+02 6.118436991468156894e-02 8.702612783507248650e-01
1.770000000000000000e+02 8.708010332249188634e-01 5.584694109669910977e-01
1.780000000000000000e+02 9.984291207504332188e-01 3.276940855859487023e-01
1.790000000000000000e+02 4.634633300484476415e-01 1.348993181360512716e-01
1.800000000000000000e+02 1.073620398765454675e-01 3.395050162309402042e-01
1.810000000000000000e+02 1.016602834572821745e-01 5.936352660780326307e-01
1.820000000000000000e+02 4.522711525834098856e-01 8.956586247676111556e-01
1.830000000000000000e+02 1.206606929862640287e-01 4.820576137831844576e-01
1.840000000000000000e+02 4.392251347355961011e-01 1.221553459739773695e-01
1.850000000000000000e+02 3.513100302352391013e-01 5.937829482696141969e-01
1.860000000000000000e+02 1.767136611858457496e-01 1.457512167036323358e-02
1.870000000000000000e+02 3.385612914336882939e-01 6.959992240764677485e-01
1.880000000000000000e+02 3.223751545653333883e-01 3.466947191652701710e-01
1.890000000000000000e+02 3.916896659653208435e-01 8.698736328446144972e-01
1.900000000000000000e+02 8.958543305456257988e-01 2.004072561620097170e-01
1.910000000000000000e+02 6.999711714780455507e-01 7.684464199121078254e-01
1.920000000000000000e+02 3.392800566316831468e-01 4.856828990537870316e-01
1.930000000000000000e+02 6.436570143292767998e-01 5.565308296181777914e-01
1.940000000000000000e+02 7.889833221479676251e-01 8.347527225266289097e-01
1.950000000000000000e+02 3.029717770116510112e-01 4.007781632107396685e-01
1.960000000000000000e+02 1.652746027359960346e-01 1.923513193230208529e-01
1.970000000000000000e+02 9.351274392454292927e-01 4.271957314683841878e-01
1.980000000000000000e+02 8.687248221549669358e-01 6.027529384325097661e-01
1.990000000000000000e+02 1.266406224698862770e-01 7.672851143744673363e-01
2.000000000000000000e+02 3.710119461495946513e-01 4.126871687475067718e-01
2.010000000000000000e+02 4.774077988053959665e-03 1.416871267461986550e-01
2.020000000000000000e+02 4.346051173704957860e-01 3.798317288666397396e-02
2.030000000000000000e+02 2.560974055384167558e-01 8.627546310601464929e-01
2.040000000000000000e+02 2.857980658821523967e-01 6.381736173197386508e-01
2.050000000000000000e+02 5.463865174423518933e-01 3.048409037588001302e-01
2.060000000000000000e+02 5.210944487194428820e-01 5.035418159595774767e-01
2.070000000000000000e+02 5.099365390365144801e-01 2.519114833424587196e-01
2.080000000000000000e+02 9.849689764475968445e-01 8.736261440543353629e-01
2.090000000000000000e+02 7.254519885037742366e-01 2.814096844316414936e-01
2.100000000000000000e+02 1.257155877027348323e-01 9.669774803047000988e-01
2.110000000000000000e+02 4.285664038683356658e-03 9.638041329989234240e-01
2.120000000000000000e+02 8.593947449675933825e-01 9.474093322961896213e-01
2.130000000000000000e+02 9.246950659951964635e-01 4.187391888679593555e-01
2.140000000000000000e+02 4.731538690998294827e-01 7.069463938921644042e-01
2.150000000000000000e+02 2.380651026316428220e-01 5.862590117371125897e-01
2.160000000000000000e+02 1.881514753535258322e-01 8.210763068237849627e-01
2.170000000000000000e+02 3.410503232757047254e-01 3.541420708648788107e-01
2.180000000000000000e+02 1.425220787793504140e-01 9.268329342770501578e-01
2.190000000000000000e+02 1.479052548080485030e-01 6.736681565669677685e-02
2.200000000000000000e+02 4.075998470169341914e-01 4.632714301972155058e-01
2.210000000000000000e+02 3.421661325508882356e-01 6.092469293912071704e-01
2.220000000000000000e+02 8.856824741009563517e-01 6.357798704514749932e-02
2.230000000000000000e+02 2.194004632025546853e-01 1.860007664560503482e-02
2.240000000000000000e+02 6.098505098916998657e-01 1.044494008005683039e-01
2.250000000000000000e+02 1.992149423183376955e-01 5.137886532270886653e-01
2.260000000000000000e+02 5.248992723512774239e-01 8.575061341537438819e-01
2.270000000000000000e+02 2.136555995590971868e-02 5.590387565093084543e-01
2.280000000000000000e+02 1.712062018534321606e-02 4.393474622867106216e-01
2.290000000000000000e+02 6.000068450570350542e-01 8.123634545613338531e-01
2.300000000000000000e+02 2.251048241761536284e-01 3.090121323373645756e-01
2.310000000000000000e+02 8.917466837936328661e-01 1.279197820210268288e-01
2.320000000000000000e+02 5.507601224806374374e-01 2.380502670792213893e-01
2.330000000000000000e+02 8.819247357205285409e-01 1.711266765704457793e-01
2.340000000000000000e+02 8.069546488107881554e-01 9.203647244320576348e-01
2.350000000000000000e+02 8.759641515367903031e-01 5.815951822286458128e-01
2.360000000000000000e+02 8.663883265614180651e-03 1.251244669497107997e-01
2.370000000000000000e+02 4.480558903752778210e-01 5.456192822532877074e-01
2.380000000000000000e+02 6.460757257582360191e-01 3.485291264248544518e-01
2.390000000000000000e+02 6.407511787800275194e-01 3.677870336414366115e-01
2.400000000000000000e+02 2.979416193664520263e-01 2.168436581171384603e-04
2.410000000000000000e+02 1.064198742270138220e-01 5.190675907151155455e-01
2.420000000000000000e+02 2.465528836083339392e-01 5.570088299143746147e-01
2.430000000000000000e+02 4.637798801181660657e-01 3.574964130826809861e-01
2.440000000000000000e+02 2.301729520089278447e-01 6.372280754386909774e-01
2.450000000000000000e+02 5.775031470917878496e-01 9.969384507427662134e-01
2.460000000000000000e+02 3.152603719914143232e-01 5.495746246656766365e-01
2.470000000000000000e+02 6.165431542792548791e-01 3.170319533631671405e-02
2.480000000000000000e+02 2.872636607273664211e-01 6.026655596578791574e-01
2.490000000000000000e+02 8.238159812269570947e-01 9.991940767040585758e-02
2.500000000000000000e+02 6.730676046274204349e-01 1.744091536224615657e-01
2.510000000000000000e+02 9.937381057126662975e-01 7.830908990906756406e-01
2.520000000000000000e+02 4.080822708324446380e-01 7.265084682792978255e-01
2.530000000000000000e+02 9.751195686560528708e-01 5.667078811460601884e-01
2.540000000000000000e+02 9.104563268493178763e-01 7.585497143674817533e-01
2.550000000000000000e+02 7.577045257513940202e-01 8.614010339503032077e-01
2.560000000000000000e+02 9.310205120359000830e-01 2.947871437282556517e-01
2.570000000000000000e+02 8.499983353088647053e-01 6.928760483122600178e-01
2.580000000000000000e+02 9.563833164601724945e-01 6.676314869323447532e-01
2.590000000000000000e+02 6.059094787866126097e-01 4.985375887649637905e-01
2.600000000000000000e+02 3.162099605706215621e-01 4.902854079626320916e-01
2.610000000000000000e+02 8.816765876713960060e-01 6.416550497661687169e-01
2.620000000000000000e+02 5.488690469202006650e-02 8.732918297490196435e-01
2.630000000000000000e+02 4.610034486024257028e-01 2.002550139867875778e-01
2.640000000000000000e+02 6.823972633510713148e-01 8.390726946243114437e-01
2.650000000000000000e+02 6.154583199190308829e-01 9.539240686797922919e-02
2.660000000000000000e+02 2.814738021382681143e-01 7.553101020185559733e-02
2.670000000000000000e+02 1.964650687068857371e-01 3.327280484247920889e-01
2.680000000000000000e+02 6.020289706795668438e-01 8.179814116347172703e-01
2.690000000000000000e+02 3.004988450934927835e-01 6.492348390508423384e-01
2.700000000000000000e+02 8.120279769570759587e-01 4.869916571229957469e-01
2.710000000000000000e+02 4.167661276272803805e-01 7.554270495159655097e-01
2.720000000000000000e+02 6.342495894816669866e-01 7.793349834391538611e-02
2.730000000000000000e+02 5.082148237971328975e-01 9.883989077668958734e-01
2.740000000000000000e+02 3.727865979268869534e-01 6.224386239812629285e-02
2.750000000000000000e+02 9.743131197680828803e-01 9.978925004015898326e-01
2.760000000000000000e+02 6.662408073907114536e-01 4.429189440657532728e-01
2.770000000000000000e+02 6.613165846292325956e-01 1.024506352476571847e-01
2.780000000000000000e+02 7.265178938479501802e-01 4.655603824045926320e-01
2.790000000000000000e+02 3.443355768135291095e-01 5.703673783584803925e-01
2.800000000000000000e+02 2.897390514681036366e-01 1.117466761373787643e-01
2.810000000000000000e+02 3.741375136584457195e-02 6.225501140760635321e-01
2.820000000000000000e+02 3.055372293672951045e-01 9.008828522631262548e-02
2.830000000000000000e+02 9.798784850757921161e-01 4.320263870686019692e-01
2.840000000000000000e+02 4.665321106288107256e-01 1.312166124024717329e-01
2.850000000000000000e+02 8.907582797961333121e-01 3.001866141027699220e-01
2.860000000000000000e+02 4.548698057036097975e-01 7.006905244738584893e-01
2.870000000000000000e+02 7.577983050470443738e-01 5.299953418630788393e-01
2.880000000000000000e+02 2.139042849250740730e-01 2.135243894719879298e-01
2.890000000000000000e+02 2.876997204139930542e-01 3.093249001426734424e-01
2.900000000000000000e+02 1.082295868313511988e-01 2.590441863908128362e-01
2.910000000000000000e+02 5.983438355417387555e-01 1.935954211970511984e-01
2.920000000000000000e+02 8.851034152358250306e-02 7.534303261793773299e-01
2.930000000000000000e+02 9.465465587351908905e-01 4.191733670894897124e-01
2.940000000000000000e+02 9.015927399654606322e-01 1.268936741969225457e-01
2.950000000000000000e+02 2.976363790018867750e-01 2.540270406959663774e-01
2.960000000000000000e+02 4.303888977552368100e-01 1.897973614954983068e-01
2.970000000000000000e+02 7.269956211729904361e-01 5.013286044925158169e-01
2.980000000000000000e+02 3.858484659360953417e-01 3.539617661061631448e-01
2.990000000000000000e+02 4.019766349004698647e-01 6.529704243759096860e-01
3.000000000000000000e+02 6.111692598318828606e-01 7.346627877093115933e-01
3.010000000000000000e+02 1.731453263892739347e-01 2.008583505525155521e-01
3.020000000000000000e+02 3.148806277090134831e-01 6.283884558511190210e-01
3.030000000000000000e+02 2.445383937241887295e-01 6.741583336005919636e-01
3.040000000000000000e+02 8.175473968654364265e-01 7.505471443820632693e-03
3.050000000000000000e+02 8.705471436788603246e-02 2.080881218873861238e-01
3.060000000000000000e+02 3.381190612076598878e-01 9.281149033298874418e-02
3.070000000000000000e+02 9.563735226691083557e-01 7.167382446071017821e-01
3.080000000000000000e+02 9.512471167133045302e-01 4.197758483279518948e-01
3.090000000000000000e+02 8.900600223276625700e-01 7.562724670589449083e-01
3.100000000000000000e+02 2.305031600481174392e-01 7.502006442025256350e-01
3.110000000000000000e+02 1.319520456455745006e-01 5.370233485108572014e-01
3.120000000000000000e+02 3.865712388027852109e-01 6.368732080580605803e-01
3.130000000000000000e+02 8.153946500082831506e-02 6.500078866862634142e-01
3.140000000000000000e+02 5.645643118614146472e-01 8.640905634571921512e-01
3.150000000000000000e+02 4.721347615373528983e-01 4.396930093507468440e-01
3.160000000000000000e+02 7.312522116988939835e-01 3.179568773648189239e-02
3.170000000000000000e+02 4.709905715358428946e-01 4.897062903744299200e-01
3.180000000000000000e+02 3.110275068290457856e-01 1.609979348831215296e-01
3.190000000000000000e+02 9.794155851427382986e-01 9.613931731471303532e-02
3.200000000000000000e+02 2.587315979996844817e-01 1.054011512747516921e-01
3.210000000000000000e+02 7.656344375877243147e-01 7.050473968844523931e-01
3.220000000000000000e+02 2.503618040565865899e-01 1.023861138399684290e-01
3.230000000000000000e+02 2.754832554715855863e-01 4.912256638728641489e-01
3.240000000000000000e+02 5.047325652489300651e-01 9.689949077664380406e-01
3.250000000000000000e+02 5.103947964253341407e-02 4.304994920820104376e-01
3.260000000000000000e+02 4.962741811808244474e-01 3.873710065803611657e-01
3.270000000000000000e+02 2.096058022004443355e-02 5.327111204142336298e-01
3.280000000000000000e+02 2.756447812314570811e-01 7.943715444118104596e-01
3.290000000000000000e+02 8.606230737872926362e-01 8.475897660744662332e-01
3.300000000000000000e+02 6.742408364399378184e-01 2.398219489314553643e-01
3.310000000000000000e+02 5.384992677128885852e-02 5.761430876997633010e-01
3.320000000000000000e+02 5.010185580828662166e-01 9.778185364472889995e-01
3.330000000000000000e+02 6.863047558040471507e-01 7.518371341397410701e-01
3.340000000000000000e+02 6.827495055088950160e-03 8.831203486885675913e-01
3.350000000000000000e+02 8.727809060814443187e-01 2.300840143713378527e-02
3.360000000000000000e+02 7.400549159951802514e-01 6.036897328135940599e-01
3.370000000000000000e+02 2.388643736799725970e-01 9.772424428428843068e-01
3.380000000000000000e+02 6.694909816799335944e-01 8.360201582732049719e-01
3.390000000000000000e+02 7.322897558051066902e-02 4.780124076297400659e-01
3.400000000000000000e+02 4.172249429330041615e-01 5.682480423018740900e-01
3.410000000000000000e+02 4.589451977337253297e-01 7.769873517202061652e-01
3.420000000000000000e+02 7.647426251726160418e-01 1.755242202669526907e-01
3.430000000000000000e+02 1.357033394104365520e-01 9.442408011359262332e-01
3.440000000000000000e+02 3.396249368591447437e-01 2.085397830986687184e-01
3.450000000000000000e+02 6.936590668570874474e-02 8.482215531843008138e-01
3.460000000000000000e+02 6.054274867331487231e-01 5.770752240628707064e-02
3.470000000000000000e+02 1.266943932735211664e-01 7.763049232466980865e-01
3.480000000000000000e+02 3.784008001505045904e-02 5.258803659322317525e-01
3.490000000000000000e+02 6.853875240757931753e-01 9.875217236399354004e-01
3.500000000000000000e+02 9.023072990376599378e-01 2.239576761956276751e-01
3.510000000000000000e+02 5.852505023850984589e-01 9.890684928275349508e-01
3.520000000000000000e+02 6.083648763672625526e-01 4.870649788301275596e-01
3.530000000000000000e+02 4.370007882126913934e-01 5.823621933394622641e-01
3.540000000000000000e+02 7.341405469651297588e-01 8.132552709812835845e-01
3.550000000000000000e+02 5.445778103697874739e-01 1.921904399033996791e-01
3.560000000000000000e+02 8.402354645783582932e-01 2.649300475142507549e-01
3.570000000000000000e+02 6.472630382169206609e-01 1.730673731113148150e-01
3.580000000000000000e+02 5.704673813177881803e-01 9.689148528684986550e-01
3.590000000000000000e+02 3.940174209725677557e-01 8.729512257556792942e-01
3.600000000000000000e+02 3.194517622175869764e-01 9.656604222142010086e-01
3.610000000000000000e+02 7.174336027007721661e-01 1.202752551834512795e-01
3.620000000000000000e+02 8.952852387690013458e-01 2.554238408230137258e-01
3.630000000000000000e+02 2.443771166651589333e-01 1.284837140612317130e-01
3.640000000000000000e+02 2.928950797243814463e-01 3.153981972630294228e-01
3.650000000000000000e+02 6.623399290196374523e-02 9.291857380047485737e-02
3.660000000000000000e+02 8.233658197598796580e-01 8.504223998030819853e-01
3.670000000000000000e+02 3.175730840744814820e-01 5.974370324556871337e-01
3.680000000000000000e+02 9.285671140041286131e-01 6.994045821390353357e-01
3.690000000000000000e+02 6.823339152179530576e-01 9.462726466088844379e-01
3.700000000000000000e+02 1.671579354966344910e-01 9.344204038468033602e-01
3.710000000000000000e+02 4.509171317063018769e-01 5.154327961308641237e-01
3.720000000000000000e+02 2.027874203065122005e-01 2.989674162384402534e-01
3.730000000000000000e+02 4.501080963398846890e-01 5.739298218859131273e-01
3.740000000000000000e+02 4.462184949981783388e-01 6.546717951830168802e-01
3.750000000000000000e+02 6.794116534282339526e-01 7.490297885426665525e-01
3.760000000000000000e+02 7.477591247796535612e-01 2.190043347241231730e-01
3.770000000000000000e+02 4.838613756297529545e-01 3.293268880732924675e-02
3.780000000000000000e+02 2.897974843305258785e-01 4.979434903751780439e-01
3.790000000000000000e+02 4.850075786093404062e-01 8.160617714600697514e-01
3.800000000000000000e+02 4.542619050841625317e-01 2.094613812837665678e-01
3.810000000000000000e+02 3.101743123426453641e-01 8.636187741910175131e-01
3.820000000000000000e+02 1.464631306479926565e-01 8.870117207638461565e-01
3.830000000000000000e+02 3.813241096493280580e-01 7.046014611107959125e-01
3.840000000000000000e+02 5.493013303312287432e-01 3.625314349137258585e-01
3.850000000000000000e+02 8.769294419849645861e-01 3.891333404991396128e-01
3.860000000000000000e+02 5.344309077951276965e-01 4.156536848377898608e-01
3.870000000000000000e+02 5.117833966580574989e-01 8.267996460836335437e-01
3.880000000000000000e+02 8.020100592405063900e-01 4.946749560249943389e-01
3.890000000000000000e+02 1.674676414517448642e-01 6.955048030270758463e-01
3.900000000000000000e+02 2.255790372988237813e-01 6.243673807840345313e-01
3.910000000000000000e+02 4.492411833743538141e-01 3.071906946152865858e-01
3.920000000000000000e+02 3.225809774935660679e-01 5.103413068120737917e-01
3.930000000000000000e+02 1.985311670789979832e-01 9.741881123773912243e-01
3.940000000000000000e+02 8.759532077301366293e-01 1.258967880567734010e-01
3.950000000000000000e+02 6.712452643146784581e-01 4.590237958868136348e-01
3.960000000000000000e+02 4.022037782509513271e-01 5.274433247523059309e-01
3.970000000000000000e+02 9.937212199709877236e-02 7.114884588194150261e-01
3.980000000000000000e+02 7.216010606588612042e-01 3.866303344554544719e-02
3.990000000000000000e+02 5.926840032426951010e-01 3.994883869988344882e-01
4.000000000000000000e+02 1.480332591687499866e-01 7.429357715657878281e-01
4.010000000000000000e+02 6.194945077923446064e-01 3.046161405768261776e-01
4.020000000000000000e+02 9.660731306169141330e-01 4.070381430896757857e-01
4.030000000000000000e+02 5.060305961131201791e-01 6.295466274082316405e-01
4.040000000000000000e+02 1.893887192675116626e-01 9.890889842424528400e-01
4.050000000000000000e+02 8.523033781456672564e-01 4.151165792403346266e-01
4.060000000000000000e+02 8.085553344441992474e-01 9.576468436126596151e-01
4.070000000000000000e+02 7.061737863137308446e-01 9.261416254852312679e-01
4.080000000000000000e+02 1.330853438735369876e-01 4.015431455590949827e-01
4.090000000000000000e+02 5.416713193462155962e-01 3.930586399638184014e-01
4.100000000000000000e+02 9.157494303208888464e-01 8.562904738279446537e-01
4.110000000000000000e+02 6.250566160167565499e-01 1.886696553606701521e-01
4.120000000000000000e+02 3.536225156432747374e-01 1.448164724926667146e-01
4.130000000000000000e+02 8.630721121576457877e-01 2.225903194969340859e-01
4.140000000000000000e+02 7.769020674168840568e-01 9.942479753391821884e-01
4.150000000000000000e+02 1.799252697913520382e-01 6.133283436741829853e-01
4.160000000000000000e+02 6.770675621126772681e-01 7.422744646637837729e-01
4.170000000000000000e+02 5.191337053759519371e-01 1.272088238340414179e-01
4.180000000000000000e+02 2.833500917066263947e-01 7.897678337998205178e-01
4.190000000000000000e+02 2.936191187738003139e-01 7.752152932825132625e-01
4.200000000000000000e+02 6.572515144735082693e-01 3.835744574405127727e-01
4.210000000000000000e+02 5.077964525394540463e-01 7.683718342135642532e-01
4.220000000000000000e+02 2.018258093401731346e-01 2.644432845805653187e-01
4.230000000000000000e+02 7.266200100153754615e-01 4.490236191211335326e-01
4.240000000000000000e+02 8.145351333055520504e-01 7.542610923576796855e-01
4.250000000000000000e+02 3.847050008025776346e-01 2.948007024807441923e-02
4.260000000000000000e+02 6.404378808276491863e-01 5.778456372561062704e-01
4.270000000000000000e+02 2.022527086748890923e-01 8.539847122518303690e-01
4.280000000000000000e+02 2.104369734098876510e-02 7.836885618127493736e-01
4.290000000000000000e+02 4.779626068154610996e-01 9.598763680755251215e-02
4.300000000000000000e+02 2.399333350185950398e-01 3.709081054848661907e-02
4.310000000000000000e+02 8.464513617637039467e-01 8.066292457090318280e-01
4.320000000000000000e+02 8.694873969685740223e-01 2.116871002164921745e-01
4.330000000000000000e+02 2.994614580308585516e-02 7.743758372818555502e-01
4.340000000000000000e+02 7.117944094410533218e-01 1.828344386292615198e-01
4.350000000000000000e+02 8.894172011208562045e-01 1.586179357805748147e-01
4.360000000000000000e+02 9.497783268209936125e-01 2.291332665870867702e-01
4.370000000000000000e+02 9.718939807428528255e-02 3.816185345703846377e-01
4.380000000000000000e+02 5.019388441024387193e-01 3.089621372141909683e-01
4.390000000000000000e+02 9.295614160042798835e-01 2.723306863418839541e-01
4.400000000000000000e+02 6.930735789354625087e-02 1.544091357274955945e-01
4.410000000000000000e+02 8.002455402563006803e-01 8.481551623243782645e-01
4.420000000000000000e+02 5.069844790664532752e-01 3.642812370990670123e-01
4.430000000000000000e+02 8.009592060762260601e-02 5.368965088577567490e-01
4.440000000000000000e+02 3.684372890888063523e-01 7.189971890597796067e-01
4.450000000000000000e+02 2.261208605653529657e-01 6.133894436651443627e-01
4.460000000000000000e+02 4.940934234459315455e-02 8.198781811111850448e-01
4.470000000000000000e+02 8.400309428044619997e-01 9.147508003776727570e-02
4.480000000000000000e+02 9.906187239432503455e-01 5.529455615232944377e-01
4.490000000000000000e+02 2.827479029240257402e-01 7.174953930650883605e-01
4.500000000000000000e+02 9.604133428916500348e-01 9.458823223670546065e-01
4.510000000000000000e+02 4.979664478070154887e-01 8.501070493781082149e-01
4.520000000000000000e+02 4.806465301638166432e-01 9.402521184083779682e-01
4.530000000000000000e+02 7.100868250041806329e-01 1.533063366576681297e-02
4.540000000000000000e+02 2.651931708636596774e-01 8.028249074905814409e-01
4.550000000000000000e+02 5.300440129545422874e-01 9.833511360365392306e-01
4.560000000000000000e+02 8.728670275505662213e-01 6.390361581651955447e-01
4.570000000000000000e+02 5.502279862576143765e-01 1.774065995956757291e-01
4.580000000000000000e+02 1.962541145461887959e-01 7.402485567635676000e-01
4.590000000000000000e+02 7.487645997356724425e-01 8.501064982433589323e-01
4.600000000000000000e+02 9.319150393019908218e-01 7.061191229457096652e-01
4.610000000000000000e+02 8.081642696359381262e-01 3.287762145865267271e-01
4.620000000000000000e+02 2.107083005995062930e-01 9.577960226500662477e-01
4.630000000000000000e+02 8.002625111447559947e-01 8.445677201185198824e-01
4.640000000000000000e+02 3.901752237885233177e-01 9.880556042401277272e-01
4.650000000000000000e+02 2.116030330256573055e-01 2.371305901405565963e-01
4.660000000000000000e+02 3.287520355830686469e-01 5.148812915904165122e-01
4.670000000000000000e+02 5.530821015416520492e-02 8.958850828066842187e-01
4.680000000000000000e+02 4.781942677120697427e-01 6.694140913836280626e-01
4.690000000000000000e+02 2.482932830395875312e-01 3.279613526887683594e-01
4.700000000000000000e+02 8.990927129473506030e-01 5.913641743776407722e-01
4.710000000000000000e+02 7.207344015479131283e-01 6.746804079279222766e-01
4.720000000000000000e+02 1.198482034998588075e-01 4.249402800652316570e-01
4.730000000000000000e+02 6.420407791066867764e-01 7.194916789863211593e-01
4.740000000000000000e+02 8.843804404910922123e-01 5.615585627503878463e-01
4.750000000000000000e+02 4.926057166509356655e-02 6.962733376691462306e-01
4.760000000000000000e+02 3.246972633042110035e-01 2.088898452770655556e-01
4.770000000000000000e+02 5.516162967882565216e-01 5.474977617010573505e-01
4.780000000000000000e+02 5.200008394255903887e-01 5.243443297152092786e-01
4.790000000000000000e+02 7.300975192818084381e-01 1.250225668209871133e-01
4.800000000000000000e+02 6.992655407918696442e-01 8.705641900926730514e-01
4.810000000000000000e+02 1.637751670591212072e-01 8.239949749536420454e-01
4.820000000000000000e+02 1.422724221661254562e-01 2.245849271913324952e-01
4.830000000000000000e+02 7.650871766029259113e-01 4.896915493256850382e-01
4.840000000000000000e+02 7.296801339485089466e-01 3.719711256560509494e-01
4.850000000000000000e+02 3.260824838636103840e-01 1.915668247490617260e-01
4.860000000000000000e+02 2.145656642138192849e-01 2.884016839199212701e-01
4.870000000000000000e+02 4.956137228837467212e-01 7.193432209993892990e-01
4.880000000000000000e+02 8.712508588809639853e-01 6.291580679472524862e-01
4.890000000000000000e+02 2.857421735501040061e-01 6.280728998649326433e-01
4.900000000000000000e+02 8.423868902884241727e-01 1.282754988123387951e-01
4.910000000000000000e+02 9.792979522162965633e-01 7.937706160045069348e-01
4.920000000000000000e+02 1.775181981719331503e-01 7.684262474907959106e-01
4.930000000000000000e+02 2.648295672648437460e-01 7.058253007744967888e-01
4.940000000000000000e+02 7.663240846949087581e-01 3.048957690851166191e-01
4.950000000000000000e+02 7.073725749388377615e-01 2.465568618870339623e-01
4.960000000000000000e+02 2.838271534993513923e-01 4.394325435025346893e-01
4.970000000000000000e+02 5.055710260279960844e-01 4.923585179154629232e-01
4.980000000000000000e+02 3.560306780341109256e-01 4.196775341097236378e-01
4.990000000000000000e+02 3.247089742975747262e-01 1.383135333405050016e-01
5.000000000000000000e+02 5.687675968671312976e-01 8.402421637865530313e-01
