-5.000000000000000000e+00 -3.277135547250509262e-03
-4.960000038146972656e+00 -6.301839835941791534e-03
-4.920000076293945312e+00 -9.243495762348175049e-03
-4.880000114440917969e+00 -1.207190100103616714e-02
-4.840000152587890625e+00 -1.475816313177347183e-02
-4.800000190734863281e+00 -1.727438718080520630e-02
-4.760000228881835938e+00 -1.959391497075557709e-02
-4.719999790191650391e+00 -2.169216424226760864e-02
-4.679999828338623047e+00 -2.354783192276954651e-02
-4.639999866485595703e+00 -2.514444850385189056e-02
-4.599999904632568359e+00 -2.647162973880767822e-02
-4.559999942779541016e+00 -2.752600237727165222e-02
-4.519999980926513672e+00 -2.831125073134899139e-02
-4.480000019073486328e+00 -2.883742004632949829e-02
-4.440000057220458984e+00 -2.911940775811672211e-02
-4.400000095367431641e+00 -2.917492017149925232e-02
-4.360000133514404297e+00 -2.902236580848693848e-02
-4.320000171661376953e+00 -2.867908775806427002e-02
-4.279999732971191406e+00 -2.816025167703628540e-02
-4.239999771118164062e+00 -2.747881412506103516e-02
-4.199999809265136719e+00 -2.664642967283725739e-02
-4.159999847412109375e+00 -2.567528001964092255e-02
-4.119999885559082031e+00 -2.458034828305244446e-02
-4.079999923706054688e+00 -2.338178269565105438e-02
-4.039999961853027344e+00 -2.210669592022895813e-02
-4.000000000000000000e+00 -2.079020626842975616e-02
-3.960000038146972656e+00 -1.947517134249210358e-02
-3.920000076293945312e+00 -1.821077428758144379e-02
-3.880000114440917969e+00 -1.704988069832324982e-02
-3.840000152587890625e+00 -1.604554243385791779e-02
-3.799999952316284180e+00 -1.524685230106115341e-02
-3.759999990463256836e+00 -1.469473354518413544e-02
-3.720000028610229492e+00 -1.441797055304050446e-02
-3.679999828338623047e+00 -1.442994456738233566e-02
-3.639999866485595703e+00 -1.472633425146341324e-02
-3.599999904632568359e+00 -1.528418716043233871e-02
-3.559999942779541016e+00 -1.606243476271629333e-02
-3.519999980926513672e+00 -1.700395904481410980e-02
-3.480000019073486328e+00 -1.803919114172458649e-02
-3.440000057220458984e+00 -1.909089647233486176e-02
-3.400000095367431641e+00 -2.007995918393135071e-02
-3.360000133514404297e+00 -2.093153633177280426e-02
-3.320000171661376953e+00 -2.158112823963165283e-02
-3.279999971389770508e+00 -2.197983302175998688e-02
-3.240000009536743164e+00 -2.209840528666973114e-02
-3.200000047683715820e+00 -2.192968130111694336e-02
-3.159999847412109375e+00 -2.148897387087345123e-02
-3.119999885559082031e+00 -2.081262692809104919e-02
-3.079999923706054688e+00 -1.995479315519332886e-02
-3.039999961853027344e+00 -1.898275315761566162e-02
-3.000000000000000000e+00 -1.797141321003437042e-02
-2.960000038146972656e+00 -1.699757203459739685e-02
-2.920000076293945312e+00 -1.613444276154041290e-02
-2.880000114440917969e+00 -1.544697023928165436e-02
-2.839999914169311523e+00 -1.498857885599136353e-02
-2.799999952316284180e+00 -1.479911059141159058e-02
-2.759999990463256836e+00 -1.490446273237466812e-02
-2.720000028610229492e+00 -1.531719695776700974e-02
-2.680000066757202148e+00 -1.603817008435726166e-02
-2.640000104904174805e+00 -1.705841533839702606e-02
-2.599999904632568359e+00 -1.836117170751094818e-02
-2.559999942779541016e+00 -1.992313563823699951e-02
-2.519999980926513672e+00 -2.171540632843971252e-02
-2.480000019073486328e+00 -2.370340563356876373e-02
-2.440000057220458984e+00 -2.584655024111270905e-02
-2.400000095367431641e+00 -2.809754014015197754e-02
-2.359999895095825195e+00 -3.040197864174842834e-02
-2.319999933242797852e+00 -3.269857540726661682e-02
-2.279999971389770508e+00 -3.492032736539840698e-02
-2.240000009536743164e+00 -3.699673712253570557e-02
-2.200000047683715820e+00 -3.885707631707191467e-02
-2.160000085830688477e+00 -4.043428599834442139e-02
-2.119999885559082031e+00 -4.166920483112335205e-02
-2.079999923706054688e+00 -4.251424968242645264e-02
-2.039999961853027344e+00 -4.293638840317726135e-02
-2.000000000000000000e+00 -4.291854798793792725e-02
-1.960000038146972656e+00 -4.245952889323234558e-02
-1.920000076293945312e+00 -4.157223924994468689e-02
-1.880000114440917969e+00 -4.028072953224182129e-02
-1.839999914169311523e+00 -3.861625120043754578e-02
-1.799999952316284180e+00 -3.661348670721054077e-02
-1.759999990463256836e+00 -3.430715575814247131e-02
-1.720000028610229492e+00 -3.172977641224861145e-02
-1.680000066757202148e+00 -2.891108579933643341e-02
-1.640000104904174805e+00 -2.587899193167686462e-02
-1.599999904632568359e+00 -2.266197651624679565e-02
-1.559999942779541016e+00 -1.929246820509433746e-02
-1.519999980926513672e+00 -1.581049337983131409e-02
-1.480000019073486328e+00 -1.226691436022520065e-02
-1.440000057220458984e+00 -8.725497871637344360e-03
-1.400000095367431641e+00 -5.263196770101785660e-03
-1.359999895095825195e+00 -1.968479948118329048e-03
-1.319999933242797852e+00 1.062667462974786758e-03
-1.279999971389770508e+00 3.732506884261965752e-03
-1.240000009536743164e+00 5.948898848146200180e-03
-1.200000047683715820e+00 7.633425295352935791e-03
-1.160000085830688477e+00 8.729645982384681702e-03
-1.119999885559082031e+00 9.210669435560703278e-03
-1.079999923706054688e+00 9.085660800337791443e-03
-1.039999961853027344e+00 8.404755033552646637e-03
-1.000000000000000000e+00 7.262532599270343781e-03
-9.600000381469726562e-01 5.800296552479267120e-03
-9.200000762939453125e-01 4.207367077469825745e-03
-8.800001144409179688e-01 2.722261939197778702e-03
-8.400001525878906250e-01 1.633653766475617886e-03
-8.000001907348632812e-01 1.281207660213112831e-03
-7.600002288818359375e-01 2.055517397820949554e-03
-7.199997901916503906e-01 4.395523574203252792e-03
-6.799998283386230469e-01 8.781537413597106934e-03
-6.399998664855957031e-01 1.572110503911972046e-02
-5.999999046325683594e-01 2.572541497647762299e-02
-5.599999427795410156e-01 3.927455097436904907e-02
-5.199999809265136719e-01 5.677133426070213318e-02
-4.800000190734863281e-01 7.848568260669708252e-02
-4.400000572204589844e-01 1.044938191771507263e-01
-4.000000953674316406e-01 1.346193701028823853e-01
-3.600001335144042969e-01 1.683850884437561035e-01
-3.200001716613769531e-01 2.049848288297653198e-01
-2.800002098083496094e-01 2.432846873998641968e-01
-2.399997711181640625e-01 2.818595468997955322e-01
-1.999998092651367188e-01 3.190672397613525391e-01
-1.599998474121093750e-01 3.531565070152282715e-01
-1.199998855590820312e-01 3.824006617069244385e-01
-7.999992370605468750e-02 4.052425622940063477e-01
-3.999996185302734375e-02 4.204337894916534424e-01
0.000000000000000000e+00 4.271514117717742920e-01
3.999996185302734375e-02 4.250759780406951904e-01
7.999992370605468750e-02 4.144206345081329346e-01
1.199998855590820312e-01 3.959072530269622803e-01
1.599998474121093750e-01 3.706931471824645996e-01
1.999998092651367188e-01 3.402578234672546387e-01
2.399997711181640625e-01 3.062651455402374268e-01
2.800002098083496094e-01 2.704182565212249756e-01
3.200001716613769531e-01 2.343240678310394287e-01
3.600001335144042969e-01 1.993820071220397949e-01
4.000000953674316406e-01 1.667064279317855835e-01
4.400000572204589844e-01 1.370869576930999756e-01
4.800000190734863281e-01 1.109856069087982178e-01
5.199999809265136719e-01 8.856501430273056030e-02
5.599999427795410156e-01 6.973942369222640991e-02
5.999999046325683594e-01 5.423881486058235168e-02
6.399998664855957031e-01 4.167630895972251892e-02
6.799998283386230469e-01 3.161166980862617493e-02
7.199997901916503906e-01 2.360448800027370453e-02
7.600002288818359375e-01 1.725441031157970428e-02
8.000001907348632812e-01 1.222687587141990662e-02
8.400001525878906250e-01 8.265694603323936462e-03
8.800001144409179688e-01 5.194269586354494095e-03
9.200000762939453125e-01 2.908421913161873817e-03
9.600000381469726562e-01 1.363907358609139919e-03
1.000000000000000000e+00 5.612805252894759178e-04
1.039999961853027344e+00 5.306329694576561451e-04
1.079999923706054688e+00 1.317891990765929222e-03
1.119999885559082031e+00 2.973824972286820412e-03
1.159999847412109375e+00 5.546282045543193817e-03
1.199999809265136719e+00 9.075580164790153503e-03
1.239999771118164062e+00 1.359250582754611969e-02
1.280000209808349609e+00 1.911808736622333527e-02
1.320000171661376953e+00 2.566394954919815063e-02
1.360000133514404297e+00 3.323208540678024292e-02
1.400000095367431641e+00 4.181285947561264038e-02
1.440000057220458984e+00 5.138048529624938965e-02
1.480000019073486328e+00 6.188545003533363342e-02
1.519999980926513672e+00 7.324427366256713867e-02
1.559999942779541016e+00 8.532759547233581543e-02
1.599999904632568359e+00 9.794817864894866943e-02
1.639999866485595703e+00 1.108513921499252319e-01
1.679999828338623047e+00 1.237106472253799438e-01
1.719999790191650391e+00 1.361303329467773438e-01
1.760000228881835938e+00 1.476577669382095337e-01
1.800000190734863281e+00 1.578054279088973999e-01
1.840000152587890625e+00 1.660816222429275513e-01
1.880000114440917969e+00 1.720281988382339478e-01
1.920000076293945312e+00 1.752604097127914429e-01
1.960000038146972656e+00 1.755047440528869629e-01
2.000000000000000000e+00 1.726296395063400269e-01
2.039999961853027344e+00 1.666643619537353516e-01
2.079999923706054688e+00 1.578033864498138428e-01
2.119999885559082031e+00 1.463952809572219849e-01
2.159999847412109375e+00 1.329168975353240967e-01
2.199999809265136719e+00 1.179360970854759216e-01
2.239999771118164062e+00 1.020673066377639771e-01
2.280000209808349609e+00 8.592544496059417725e-02
2.320000171661376953e+00 7.008267939090728760e-02
2.360000133514404297e+00 5.503293871879577637e-02
2.400000095367431641e+00 4.116658121347427368e-02
2.440000057220458984e+00 2.875710651278495789e-02
2.480000019073486328e+00 1.795936562120914459e-02
2.519999980926513672e+00 8.818188682198524475e-03
2.559999942779541016e+00 1.284934231080114841e-03
2.599999904632568359e+00 -4.760755226016044617e-03
2.639999866485595703e+00 -9.486783295869827271e-03
2.679999828338623047e+00 -1.308479532599449158e-02
2.719999790191650391e+00 -1.574861444532871246e-02
2.760000228881835938e+00 -1.765694469213485718e-02
2.800000190734863281e+00 -1.896079257130622864e-02
2.840000152587890625e+00 -1.977634243667125702e-02
2.880000114440917969e+00 -2.018303982913494110e-02
2.920000076293945312e+00 -2.022609859704971313e-02
2.960000038146972656e+00 -1.992279849946498871e-02
3.000000000000000000e+00 -1.927098073065280914e-02
3.039999961853027344e+00 -1.825870573520660400e-02
3.079999923706054688e+00 -1.687357202172279358e-02
3.119999885559082031e+00 -1.511051133275032043e-02
3.159999847412109375e+00 -1.297708507627248764e-02
3.199999809265136719e+00 -1.049553044140338898e-02
3.239999771118164062e+00 -7.701307069510221481e-03
3.279999732971191406e+00 -4.638349171727895737e-03
3.319999694824218750e+00 -1.351696206256747246e-03
3.359999656677246094e+00 2.121483208611607552e-03
3.399999618530273438e+00 5.760906264185905457e-03
3.439999580383300781e+00 9.570529684424400330e-03
3.479999542236328125e+00 1.358271762728691101e-02
3.520000457763671875e+00 1.785764284431934357e-02
3.560000419616699219e+00 2.247709035873413086e-02
3.600000381469726562e+00 2.753257192671298981e-02
3.640000343322753906e+00 3.310847282409667969e-02
3.680000305175781250e+00 3.926195576786994934e-02
3.720000267028808594e+00 4.600244760513305664e-02
3.760000228881835938e+00 5.327334254980087280e-02
3.800000190734863281e+00 6.093978136777877808e-02
3.840000152587890625e+00 6.878468394279479980e-02
3.880000114440917969e+00 7.651530951261520386e-02
3.920000076293945312e+00 8.378066867589950562e-02
3.960000038146972656e+00 9.019838273525238037e-02
4.000000000000000000e+00 9.538853913545608521e-02
4.039999961853027344e+00 9.901043772697448730e-02
4.079999923706054688e+00 1.007973998785018921e-01
4.119999885559082031e+00 1.005850136280059814e-01
4.159999847412109375e+00 9.832919389009475708e-02
4.199999809265136719e+00 9.411141276359558105e-02
4.239999771118164062e+00 8.813053369522094727e-02
4.279999732971191406e+00 8.068276196718215942e-02
4.319999694824218750e+00 7.213250547647476196e-02
4.359999656677246094e+00 6.287833303213119507e-02
4.399999618530273438e+00 5.331832915544509888e-02
4.439999580383300781e+00 4.381931573152542114e-02
4.479999542236328125e+00 3.469287976622581482e-02
4.520000457763671875e+00 2.618041448295116425e-02
4.560000419616699219e+00 1.844738237559795380e-02
4.600000381469726562e+00 1.158621255308389664e-02
4.640000343322753906e+00 5.625867284834384918e-03
4.680000305175781250e+00 5.456661456264555454e-04
4.720000267028808594e+00 -3.709065495058894157e-03
4.760000228881835938e+00 -7.211794145405292511e-03
4.800000190734863281e+00 -1.004174072295427322e-02
4.840000152587890625e+00 -1.227388344705104828e-02
4.880000114440917969e+00 -1.397263724356889725e-02
4.920000076293945312e+00 -1.518888212740421295e-02
4.960000038146972656e+00 -1.595991477370262146e-02
5.000000000000000000e+00 -1.631151512265205383e-02
5.039999961853027344e+00 -1.626165397465229034e-02
5.079999923706054688e+00 -1.582476869225502014e-02
5.119999885559082031e+00 -1.501617953181266785e-02
5.159999847412109375e+00 -1.385595928877592087e-02
5.199999809265136719e+00 -1.237192843109369278e-02
5.239999771118164062e+00 -1.060129329562187195e-02
5.279999732971191406e+00 -8.590920828282833099e-03
5.319999694824218750e+00 -6.395962554961442947e-03
5.359999656677246094e+00 -4.077419172972440720e-03
5.399999618530273438e+00 -1.698564388789236546e-03
5.439999580383300781e+00 6.788452155888080597e-04
5.479999542236328125e+00 2.998107578605413437e-03
5.520000457763671875e+00 5.210120696574449539e-03
5.560000419616699219e+00 7.274538278579711914e-03
5.600000381469726562e+00 9.159089997410774231e-03
5.640000343322753906e+00 1.083739846944808960e-02
5.680000305175781250e+00 1.228551566600799561e-02
5.720000267028808594e+00 1.347812078893184662e-02
5.760000228881835938e+00 1.438527181744575500e-02
5.800000190734863281e+00 1.497069746255874634e-02
5.840000152587890625e+00 1.519234757870435715e-02
5.880000114440917969e+00 1.500581298023462296e-02
5.920000076293945312e+00 1.437024958431720734e-02
5.960000038146972656e+00 1.325641479343175888e-02
6.000000000000000000e+00 1.165562029927968979e-02
6.039999961853027344e+00 9.588318876922130585e-03
6.079999923706054688e+00 7.110845763236284256e-03
6.119999885559082031e+00 4.319262690842151642e-03
6.159999847412109375e+00 1.349340891465544701e-03
6.199999809265136719e+00 -1.627262798137962818e-03
6.239999771118164062e+00 -4.410526249557733536e-03
6.279999732971191406e+00 -6.782140117138624191e-03
6.319999694824218750e+00 -8.517230860888957977e-03
6.359999656677246094e+00 -9.396269917488098145e-03
6.399999618530273438e+00 -9.216316975653171539e-03
6.439999580383300781e+00 -7.800932973623275757e-03
6.479999542236328125e+00 -5.008524283766746521e-03
6.520000457763671875e+00 -7.394340937025845051e-04
6.560000419616699219e+00 5.057696718722581863e-03
6.600000381469726562e+00 1.237980928272008896e-02
6.640000343322753906e+00 2.116325125098228455e-02
6.680000305175781250e+00 3.127786144614219666e-02
6.720000267028808594e+00 4.252204298973083496e-02
6.760000228881835938e+00 5.462044104933738708e-02
6.800000190734863281e+00 6.722588092088699341e-02
6.840000152587890625e+00 7.992745935916900635e-02
6.880000114440917969e+00 9.226604551076889038e-02
6.920000076293945312e+00 1.037574261426925659e-01
6.960000038146972656e+00 1.139223724603652954e-01
7.000000000000000000e+00 1.223211139440536499e-01
7.039999961853027344e+00 1.285886913537979126e-01
7.079999923706054688e+00 1.324672549962997437e-01
7.119999885559082031e+00 1.338303685188293457e-01
7.159999847412109375e+00 1.326963156461715698e-01
7.199999809265136719e+00 1.292277127504348755e-01
7.239999771118164062e+00 1.237173303961753845e-01
7.279999732971191406e+00 1.165614128112792969e-01
7.319999694824218750e+00 1.082238033413887024e-01
7.359999656677246094e+00 9.919556975364685059e-02
7.399999618530273438e+00 8.995489776134490967e-02
7.439999580383300781e+00 8.093169331550598145e-02
7.479999542236328125e+00 7.248080521821975708e-02
7.520000457763671875e+00 6.486536562442779541e-02
7.560000419616699219e+00 5.825132876634597778e-02
7.600000381469726562e+00 5.271157249808311462e-02
7.640000343322753906e+00 4.823768138885498047e-02
7.680000305175781250e+00 4.475684836506843567e-02
7.720000267028808594e+00 4.215056449174880981e-02
7.760000228881835938e+00 4.027317464351654053e-02
7.800000190734863281e+00 3.896838799118995667e-02
7.840000152587890625e+00 3.808235749602317810e-02
7.880000114440917969e+00 3.747356310486793518e-02
7.920000076293945312e+00 3.701914101839065552e-02
7.960000038146972656e+00 3.661851584911346436e-02
8.000000000000000000e+00 3.619470819830894470e-02
8.039999961853027344e+00 3.569387644529342651e-02
8.079999923706054688e+00 3.508349135518074036e-02
8.119999885559082031e+00 3.434925526380538940e-02
8.159999847412109375e+00 3.349069878458976746e-02
8.199999809265136719e+00 3.251569718122482300e-02
8.239999771118164062e+00 3.143370896577835083e-02
8.279999732971191406e+00 3.024826571345329285e-02
8.319999694824218750e+00 2.894914150238037109e-02
8.359999656677246094e+00 2.750497311353683472e-02
8.399999618530273438e+00 2.585742436349391937e-02
8.439999580383300781e+00 2.391810156404972076e-02
8.479999542236328125e+00 2.156923338770866394e-02
8.520000457763671875e+00 1.866914518177509308e-02
8.560000419616699219e+00 1.506287138909101486e-02
8.600000381469726562e+00 1.059771329164505005e-02
8.640000343322753906e+00 5.142743233591318130e-03
8.680000305175781250e+00 -1.389440149068832397e-03
8.720000267028808594e+00 -9.021457284688949585e-03
8.760000228881835938e+00 -1.769305206835269928e-02
8.800000190734863281e+00 -2.724942192435264587e-02
8.840000152587890625e+00 -3.743851557374000549e-02
8.880000114440917969e+00 -4.791900888085365295e-02
8.920000076293945312e+00 -5.827939882874488831e-02
8.960000038146972656e+00 -6.806716322898864746e-02
9.000000000000000000e+00 -7.682519406080245972e-02
9.039999961853027344e+00 -8.413166552782058716e-02
9.079999923706054688e+00 -8.963841944932937622e-02
9.119999885559082031e+00 -9.310327470302581787e-02
9.159999847412109375e+00 -9.441177546977996826e-02
9.199999809265136719e+00 -9.358595311641693115e-02
9.239999771118164062e+00 -9.077874571084976196e-02
9.279999732971191406e+00 -8.625520020723342896e-02
9.319999694824218750e+00 -8.036316931247711182e-02
9.359999656677246094e+00 -7.349766045808792114e-02
9.399999618530273438e+00 -6.606315821409225464e-02
9.439999580383300781e+00 -5.843909084796905518e-02
9.479999542236328125e+00 -5.095163732767105103e-02
9.520000457763671875e+00 -4.385481029748916626e-02
9.560000419616699219e+00 -3.732161968946456909e-02
9.600000381469726562e+00 -3.144489973783493042e-02
9.640000343322753906e+00 -2.624627016484737396e-02
9.680000305175781250e+00 -2.169080078601837158e-02
9.720000267028808594e+00 -1.770459301769733429e-02
9.760000228881835938e+00 -1.419296208769083023e-02
9.800000190734863281e+00 -1.105682644993066788e-02
9.840000152587890625e+00 -8.206076920032501221e-03
9.880000114440917969e+00 -5.568956024944782257e-03
9.920000076293945312e+00 -3.097325563430786133e-03
9.960000038146972656e+00 -7.682439172640442848e-04
1.000000000000000000e+01 1.417622668668627739e-03
1.003999996185302734e+01 3.439809428527951241e-03
1.007999992370605469e+01 5.263220518827438354e-03
1.011999988555908203e+01 6.843721494078636169e-03
1.015999984741210938e+01 8.133522234857082367e-03
1.019999980926513672e+01 9.085762314498424530e-03
1.023999977111816406e+01 9.657982736825942993e-03
1.027999973297119141e+01 9.814450517296791077e-03
1.031999969482421875e+01 9.527221322059631348e-03
1.035999965667724609e+01 8.776267059147357941e-03
1.039999961853027344e+01 7.549358531832695007e-03
1.043999958038330078e+01 5.841566715389490128e-03
1.047999954223632812e+01 3.655378706753253937e-03
1.052000045776367188e+01 1.001287251710891724e-03
1.056000041961669922e+01 -2.100269310176372528e-03
1.060000038146972656e+01 -5.616628564894199371e-03
1.064000034332275391e+01 -9.499613195657730103e-03
1.068000030517578125e+01 -1.368240732699632645e-02
1.072000026702880859e+01 -1.807703450322151184e-02
1.076000022888183594e+01 -2.257332764565944672e-02
1.080000019073486328e+01 -2.704023011028766632e-02
1.084000015258789062e+01 -3.132984414696693420e-02
1.088000011444091797e+01 -3.528444468975067139e-02
1.092000007629394531e+01 -3.874626383185386658e-02
1.096000003814697266e+01 -4.156898707151412964e-02
1.100000000000000000e+01 -4.363001883029937744e-02
1.104000091552734375e+01 -4.484165832400321960e-02
1.107999992370605469e+01 -4.515982046723365784e-02
1.112000083923339844e+01 -4.458894208073616028e-02
1.115999984741210938e+01 -4.318214207887649536e-02
1.120000076293945312e+01 -4.103651270270347595e-02
1.123999977111816406e+01 -3.828405588865280151e-02
1.128000068664550781e+01 -3.507937118411064148e-02
1.131999969482421875e+01 -3.158579021692276001e-02
1.136000061035156250e+01 -2.796149812638759613e-02
1.139999961853027344e+01 -2.434749342501163483e-02
1.144000053405761719e+01 -2.085840329527854919e-02
1.147999954223632812e+01 -1.757699437439441681e-02
1.152000045776367188e+01 -1.455242279917001724e-02
1.155999946594238281e+01 -1.180195994675159454e-02
1.160000038146972656e+01 -9.315537288784980774e-03
1.163999938964843750e+01 -7.062084507197141647e-03
1.168000030517578125e+01 -4.997167270630598068e-03
1.171999931335449219e+01 -3.070791484788060188e-03
1.176000022888183594e+01 -1.235158066265285015e-03
1.179999923706054688e+01 5.483326385729014874e-04
1.184000015258789062e+01 2.303101588040590286e-03
1.187999916076660156e+01 4.032856784760951996e-03
1.192000007629394531e+01 5.718879401683807373e-03
1.195999908447265625e+01 7.319448515772819519e-03
1.200000000000000000e+01 8.771707303822040558e-03
1.204000091552734375e+01 9.996081702411174774e-03
1.207999992370605469e+01 1.090296078473329544e-02
1.212000083923339844e+01 1.140130497515201569e-02
1.215999984741210938e+01 1.140821911394596100e-02
1.220000076293945312e+01 1.085854414850473404e-02
1.223999977111816406e+01 9.713257662951946259e-03
1.228000068664550781e+01 7.965632714331150055e-03
1.231999969482421875e+01 5.644254386425018311e-03
1.236000061035156250e+01 2.812505466863512993e-03
1.239999961853027344e+01 -4.356071003712713718e-04
1.244000053405761719e+01 -3.982736263424158096e-03
1.247999954223632812e+01 -7.697773631662130356e-03
1.252000045776367188e+01 -1.144655141979455948e-02
1.255999946594238281e+01 -1.510244607925415039e-02
1.260000038146972656e+01 -1.855550892651081085e-02
1.263999938964843750e+01 -2.171937189996242523e-02
1.268000030517578125e+01 -2.453495189547538757e-02
1.271999931335449219e+01 -2.697083353996276855e-02
1.276000022888183594e+01 -2.902053296566009521e-02
1.279999923706054688e+01 -3.069701977074146271e-02
1.284000015258789062e+01 -3.202555328607559204e-02
1.287999916076660156e+01 -3.303594887256622314e-02
1.292000007629394531e+01 -3.375517576932907104e-02
1.295999908447265625e+01 -3.420149907469749451e-02
1.300000000000000000e+01 -3.438101708889007568e-02
1.304000091552734375e+01 -3.428650647401809692e-02
1.307999992370605469e+01 -3.389910236001014709e-02
1.312000083923339844e+01 -3.319175168871879578e-02
1.315999984741210938e+01 -3.213391080498695374e-02
1.320000076293945312e+01 -3.069630451500415802e-02
1.323999977111816406e+01 -2.885482273995876312e-02
1.328000068664550781e+01 -2.659264206886291504e-02
1.331999969482421875e+01 -2.390037477016448975e-02
1.336000061035156250e+01 -2.077414654195308685e-02
1.339999961853027344e+01 -1.721236482262611389e-02
1.344000053405761719e+01 -1.321197394281625748e-02
1.347999954223632812e+01 -8.765550330281257629e-03
1.352000045776367188e+01 -3.860284574329853058e-03
1.355999946594238281e+01 1.520295278169214725e-03
1.360000038146972656e+01 7.391427643597126007e-03
1.363999938964843750e+01 1.375927496701478958e-02
1.368000030517578125e+01 2.061101607978343964e-02
1.371999931335449219e+01 2.790417894721031189e-02
1.376000022888183594e+01 3.555705770850181580e-02
1.379999923706054688e+01 4.344192519783973694e-02
1.384000015258789062e+01 5.138270556926727295e-02
1.387999916076660156e+01 5.915816873311996460e-02
1.392000007629394531e+01 6.651121377944946289e-02
1.395999908447265625e+01 7.316342741250991821e-02
1.400000000000000000e+01 7.883419841527938843e-02
1.404000091552734375e+01 8.326192200183868408e-02
1.407999992370605469e+01 8.622519671916961670e-02
1.412000083923339844e+01 8.756159245967864990e-02
1.415999984741210938e+01 8.718161284923553467e-02
1.420000076293945312e+01 8.507651090621948242e-02
1.423999977111816406e+01 8.131908625364303589e-02
1.428000068664550781e+01 7.605752348899841309e-02
1.431999969482421875e+01 6.950350105762481689e-02
1.436000061035156250e+01 6.191590428352355957e-02
1.439999961853027344e+01 5.358224362134933472e-02
1.444000053405761719e+01 4.479971900582313538e-02
1.447999954223632812e+01 3.585769608616828918e-02
1.452000045776367188e+01 2.702299319207668304e-02
1.455999946594238281e+01 1.852875947952270508e-02
1.460000038146972656e+01 1.056744065135717392e-02
1.463999938964843750e+01 3.287402912974357605e-03
1.468000030517578125e+01 -3.206751542165875435e-03
1.471999931335449219e+01 -8.851231075823307037e-03
1.476000022888183594e+01 -1.361810509115457535e-02
1.479999923706054688e+01 -1.750915497541427612e-02
1.484000015258789062e+01 -2.054930292069911957e-02
1.487999916076660156e+01 -2.278051152825355530e-02
1.492000007629394531e+01 -2.425656653940677643e-02
1.495999908447265625e+01 -2.503923326730728149e-02
1.500000000000000000e+01 -2.519597485661506653e-02
1.504000091552734375e+01 -2.479904890060424805e-02
1.507999992370605469e+01 -2.392571046948432922e-02
1.512000083923339844e+01 -2.265898324549198151e-02
1.515999984741210938e+01 -2.108819410204887390e-02
1.520000076293945312e+01 -1.930897310376167297e-02
1.523999977111816406e+01 -1.742196269333362579e-02
1.528000068664550781e+01 -1.553018204867839813e-02
1.531999969482421875e+01 -1.373535394668579102e-02
1.536000061035156250e+01 -1.213321927934885025e-02
1.539999961853027344e+01 -1.080887392163276672e-02
1.544000053405761719e+01 -9.832337498664855957e-03
1.547999954223632812e+01 -9.255464188754558563e-03
1.552000045776367188e+01 -9.109890088438987732e-03
1.555999946594238281e+01 -9.406757541000843048e-03
1.560000038146972656e+01 -1.013742107897996902e-02
1.563999938964843750e+01 -1.127521134912967682e-02
1.568000030517578125e+01 -1.277741696685552597e-02
1.571999931335449219e+01 -1.458733156323432922e-02
1.576000022888183594e+01 -1.663605123758316040e-02
1.579999923706054688e+01 -1.884408853948116302e-02
1.584000015258789062e+01 -2.112302742898464203e-02
1.587999916076660156e+01 -2.337773889303207397e-02
1.592000007629394531e+01 -2.550944685935974121e-02
1.595999908447265625e+01 -2.742015942931175232e-02
1.600000000000000000e+01 -2.901820279657840729e-02
1.604000091552734375e+01 -3.022485785186290741e-02
1.607999992370605469e+01 -3.098113089799880981e-02
1.612000083923339844e+01 -3.125401586294174194e-02
1.615999984741210938e+01 -3.104105591773986816e-02
1.620000076293945312e+01 -3.037231042981147766e-02
1.623999977111816406e+01 -2.930917777121067047e-02
1.628000068664550781e+01 -2.793977037072181702e-02
1.631999969482421875e+01 -2.637117728590965271e-02
1.636000061035156250e+01 -2.471949532628059387e-02
1.639999961853027344e+01 -2.309872768819332123e-02
1.644000053405761719e+01 -2.160998433828353882e-02
1.647999954223632812e+01 -2.033243887126445770e-02
1.652000045776367188e+01 -1.931707561016082764e-02
1.655999946594238281e+01 -1.858403719961643219e-02
1.660000038146972656e+01 -1.812372356653213501e-02
1.663999938964843750e+01 -1.790126226842403412e-02
1.668000030517578125e+01 -1.786352321505546570e-02
1.671999931335449219e+01 -1.794755458831787109e-02
1.676000022888183594e+01 -1.808916963636875153e-02
1.679999923706054688e+01 -1.823031716048717499e-02
1.684000015258789062e+01 -1.832482218742370605e-02
1.687999916076660156e+01 -1.834131218492984772e-02
1.692000007629394531e+01 -1.826390810310840607e-02
1.695999908447265625e+01 -1.809059828519821167e-02
1.700000000000000000e+01 -1.783004775643348694e-02
1.704000091552734375e+01 -1.749763078987598419e-02
1.707999992370605469e+01 -1.711140014231204987e-02
1.712000083923339844e+01 -1.668855547904968262e-02
1.715999984741210938e+01 -1.624300703406333923e-02
1.720000076293945312e+01 -1.578387245535850525e-02
1.723999977111816406e+01 -1.531516201794147491e-02
1.728000068664550781e+01 -1.483634859323501587e-02
1.731999969482421875e+01 -1.434349920600652695e-02
1.736000061035156250e+01 -1.383089553564786911e-02
1.739999961853027344e+01 -1.329288166016340256e-02
1.744000053405761719e+01 -1.272574439644813538e-02
1.747999954223632812e+01 -1.212977245450019836e-02
1.752000045776367188e+01 -1.151116192340850830e-02
1.755999946594238281e+01 -1.088372152298688889e-02
1.760000038146972656e+01 -1.027007587254047394e-02
1.763999938964843750e+01 -9.702061302959918976e-03
1.768000030517578125e+01 -9.219968691468238831e-03
1.771999931335449219e+01 -8.870334364473819733e-03
1.776000022888183594e+01 -8.702094666659832001e-03
1.779999923706054688e+01 -8.761386387050151825e-03
1.784000015258789062e+01 -9.085238911211490631e-03
1.787999916076660156e+01 -9.695081040263175964e-03
1.792000007629394531e+01 -1.059078797698020935e-02
1.795999908447265625e+01 -1.174660213291645050e-02
1.800000000000000000e+01 -1.310938596725463867e-02
1.804000091552734375e+01 -1.460028626024723053e-02
1.807999992370605469e+01 -1.611966639757156372e-02
1.812000083923339844e+01 -1.755509711802005768e-02
1.815999984741210938e+01 -1.879141107201576233e-02
1.820000076293945312e+01 -1.972148939967155457e-02
1.823999977111816406e+01 -2.025656215846538544e-02
1.828000068664550781e+01 -2.033419720828533173e-02
1.831999969482421875e+01 -1.992309652268886566e-02
1.836000061035156250e+01 -1.902404241263866425e-02
1.839999961853027344e+01 -1.766672730445861816e-02
1.844000053405761719e+01 -1.590360328555107117e-02
1.847999954223632812e+01 -1.380121987313032150e-02
1.852000045776367188e+01 -1.143098343163728714e-02
1.855999946594238281e+01 -8.860591799020767212e-03
1.860000038146972656e+01 -6.147439125925302505e-03
1.863999938964843750e+01 -3.334902692586183548e-03
1.868000030517578125e+01 -4.518574569374322891e-04
1.871999931335449219e+01 2.484799129888415337e-03
1.876000022888183594e+01 5.465300288051366806e-03
1.879999923706054688e+01 8.480832912027835846e-03
1.884000015258789062e+01 1.151721458882093430e-02
1.887999916076660156e+01 1.454953942447900772e-02
1.892000007629394531e+01 1.753862947225570679e-02
1.895999908447265625e+01 2.042988874018192291e-02
1.900000000000000000e+01 2.315461449325084686e-02
1.904000091552734375e+01 2.563370764255523682e-02
1.907999992370605469e+01 2.778298407793045044e-02
1.912000083923339844e+01 2.951969951391220093e-02
1.915999984741210938e+01 3.076923266053199768e-02
1.920000076293945312e+01 3.147150948643684387e-02
1.923999977111816406e+01 3.158630430698394775e-02
1.928000068664550781e+01 3.109732083976268768e-02
1.931999969482421875e+01 3.001463972032070160e-02
1.936000061035156250e+01 2.837572991847991943e-02
1.939999961853027344e+01 2.624482102692127228e-02
1.944000053405761719e+01 2.371104620397090912e-02
1.947999954223632812e+01 2.088544890284538269e-02
1.952000045776367188e+01 1.789670437574386597e-02
1.955999946594238281e+01 1.488610636442899704e-02
1.960000038146972656e+01 1.200142223387956619e-02
1.963999938964843750e+01 9.390017017722129822e-03
1.968000030517578125e+01 7.191095966845750809e-03
1.971999931335449219e+01 5.527541972696781158e-03
1.976000022888183594e+01 4.497444722801446915e-03
1.979999923706054688e+01 4.166050814092159271e-03
1.984000015258789062e+01 4.558699671179056168e-03
1.987999916076660156e+01 5.655533168464899063e-03
1.992000007629394531e+01 7.388847414404153824e-03
1.995999908447265625e+01 9.643718600273132324e-03
2.000000000000000000e+01 1.226243283599615097e-02
