9.943270079433515901e-03
9.918343893409441517e-03
9.996628350703636728e-03
1.027245540298700466e-02
1.076451446521378003e-02
1.144121654112808216e-02
1.228886015598167070e-02
1.325356417708551705e-02
1.429010114970417564e-02
1.537565686773319229e-02
9.976712050292692313e-03
9.735873728792010171e-03
9.632970550234805016e-03
9.778771613744245000e-03
1.013074010371037628e-02
1.073777686552202480e-02
1.153664653463861746e-02
1.242403315032479527e-02
1.338459142483617442e-02
1.441882853090885146e-02
1.011671442867409683e-02
9.665450452716191701e-03
9.415949189883556641e-03
9.437417115197644854e-03
9.703320114900331958e-03
1.019803356855810035e-02
1.087687474741991060e-02
1.165824708884354195e-02
1.252222266961708005e-02
1.345074381182474049e-02
1.041618801498088095e-02
9.802831783836446836e-03
9.422814683955435533e-03
9.312319013165313783e-03
9.465084276224800322e-03
9.819661769685645442e-03
1.033954486710353740e-02
1.097910957905423590e-02
1.170172635027479785e-02
1.256514769048466817e-02
1.084625707414317054e-02
1.015646163757766979e-02
9.657436988547917281e-03
9.425303270324461927e-03
9.418503954520464350e-03
9.606710482901282405e-03
9.925232886423862241e-03
1.038630174812143342e-02
1.098948274440359613e-02
1.178007392138184783e-02
1.145838195404282750e-02
1.069726356161261605e-02
1.007927208833890240e-02
9.738742472572807160e-03
9.564020277614477747e-03
9.557819360775536566e-03
9.657257573586543534e-03
9.970962685744330992e-03
1.045102785985997304e-02
1.112693859067256236e-02
1.221057079537475436e-02
1.139059715041935116e-02
1.071897806308832329e-02
1.025205098779630002e-02
9.915939216660337591e-03
9.700912075631638876e-03
9.635351676337873192e-03
9.813600104585531655e-03
1.009641513962973927e-02
1.052393470895768811e-02
1.314327088792842206e-02
1.226649263211621738e-02
1.156462477040694908e-02
1.095033737906105087e-02
1.049375740176801235e-02
1.013602277468174211e-02
9.881419264049314324e-03
9.768023618006462655e-03
9.690930345891638625e-03
9.774699387930362721e-03
1.419894864753767048e-02
1.329670247260981639e-02
1.251775645334405815e-02
1.187085657342045082e-02
1.128946920667580137e-02
1.069284637645070805e-02
1.005978914987872529e-02
9.579744590729546289e-03
9.284432350916393614e-03
9.204002615963833081e-03
1.536055890970644544e-02
1.443977789498723449e-02
1.361585613009669814e-02
1.284667948401544725e-02
1.195268877134438718e-02
1.104719146957346132e-02
1.025048509420043753e-02
9.614602115706383581e-03
9.166106722053977626e-03
8.875729063444841999e-03
