-5.000000000000000000e+00 1.476097851991653442e-02
-4.960000038146972656e+00 1.707452535629272461e-02
-4.920000076293945312e+00 1.900628954172134399e-02
-4.880000114440917969e+00 2.050604671239852905e-02
-4.840000152587890625e+00 2.152626588940620422e-02
-4.800000190734863281e+00 2.202707901597023010e-02
-4.760000228881835938e+00 2.198161743581295013e-02
-4.719999790191650391e+00 2.138089761137962341e-02
-4.679999828338623047e+00 2.023707516491413116e-02
-4.639999866485595703e+00 1.858447678387165070e-02
-4.599999904632568359e+00 1.647801697254180908e-02
-4.559999942779541016e+00 1.398935262113809586e-02
-4.519999980926513672e+00 1.120110414922237396e-02
-4.480000019073486328e+00 8.200468495488166809e-03
-4.440000057220458984e+00 5.072989501059055328e-03
-4.400000095367431641e+00 1.897569745779037476e-03
-4.360000133514404297e+00 -1.256659859791398048e-03
-4.320000171661376953e+00 -4.331437870860099792e-03
-4.279999732971191406e+00 -7.278558332473039627e-03
-4.239999771118164062e+00 -1.005785167217254639e-02
-4.199999809265136719e+00 -1.263444777578115463e-02
-4.159999847412109375e+00 -1.497634500265121460e-02
-4.119999885559082031e+00 -1.705263182520866394e-02
-4.079999923706054688e+00 -1.883279532194137573e-02
-4.039999961853027344e+00 -2.028725296258926392e-02
-4.000000000000000000e+00 -2.138871699571609497e-02
-3.960000038146972656e+00 -2.211413905024528503e-02
-3.920000076293945312e+00 -2.244669198989868164e-02
-3.880000114440917969e+00 -2.237747982144355774e-02
-3.840000152587890625e+00 -2.190653793513774872e-02
-3.799999952316284180e+00 -2.104294858872890472e-02
-3.759999990463256836e+00 -1.980433426797389984e-02
-3.720000028610229492e+00 -1.821545884013175964e-02
-3.679999828338623047e+00 -1.630669273436069489e-02
-3.639999866485595703e+00 -1.411235239356756210e-02
-3.599999904632568359e+00 -1.166942156851291656e-02
-3.559999942779541016e+00 -9.016864933073520660e-03
-3.519999980926513672e+00 -6.195713765919208527e-03
-3.480000019073486328e+00 -3.250028472393751144e-03
-3.440000057220458984e+00 -2.281881606904789805e-04
-3.400000095367431641e+00 2.815600717440247536e-03
-3.360000133514404297e+00 5.820226855576038361e-03
-3.320000171661376953e+00 8.717623539268970490e-03
-3.279999971389770508e+00 1.143421046435832977e-02
-3.240000009536743164e+00 1.389390416443347931e-02
-3.200000047683715820e+00 1.602284424006938934e-02
-3.159999847412109375e+00 1.775515638291835785e-02
-3.119999885559082031e+00 1.903920061886310577e-02
-3.079999923706054688e+00 1.984314993023872375e-02
-3.039999961853027344e+00 2.015921100974082947e-02
-3.000000000000000000e+00 2.000523172318935394e-02
-2.960000038146972656e+00 1.942381262779235840e-02
-2.920000076293945312e+00 1.847814582288265228e-02
-2.880000114440917969e+00 1.724572852253913879e-02
-2.839999914169311523e+00 1.581009663641452789e-02
-2.799999952316284180e+00 1.425232645124197006e-02
-2.759999990463256836e+00 1.264303643256425858e-02
-2.720000028610229492e+00 1.103635597974061966e-02
-2.680000066757202148e+00 9.466538205742835999e-03
-2.640000104904174805e+00 7.947869598865509033e-03
-2.599999904632568359e+00 6.477287504822015762e-03
-2.559999942779541016e+00 5.040095653384923935e-03
-2.519999980926513672e+00 3.616920905187726021e-03
-2.480000019073486328e+00 2.191300038248300552e-03
-2.440000057220458984e+00 7.566176354885101318e-04
-2.400000095367431641e+00 -6.790407351218163967e-04
-2.359999895095825195e+00 -2.090426161885261536e-03
-2.319999933242797852e+00 -3.436102531850337982e-03
-2.279999971389770508e+00 -4.662164021283388138e-03
-2.240000009536743164e+00 -5.708672106266021729e-03
-2.200000047683715820e+00 -6.517732050269842148e-03
-2.160000085830688477e+00 -7.041816134005784988e-03
-2.119999885559082031e+00 -7.251099217683076859e-03
-2.079999923706054688e+00 -7.138699293136596680e-03
-2.039999961853027344e+00 -6.722593680024147034e-03
-2.000000000000000000e+00 -6.043723784387111664e-03
-1.960000038146972656e+00 -5.160660482943058014e-03
-1.920000076293945312e+00 -4.141144454479217529e-03
-1.880000114440917969e+00 -3.051920793950557709e-03
-1.839999914169311523e+00 -1.948540098965167999e-03
-1.799999952316284180e+00 -8.665735949762165546e-04
-1.759999990463256836e+00 1.838372700149193406e-04
-1.720000028610229492e+00 1.219455501995980740e-03
-1.680000066757202148e+00 2.280746819451451302e-03
-1.640000104904174805e+00 3.424349240958690643e-03
-1.599999904632568359e+00 4.712535068392753601e-03
-1.559999942779541016e+00 6.200957577675580978e-03
-1.519999980926513672e+00 7.926749065518379211e-03
-1.480000019073486328e+00 9.898676536977291107e-03
-1.440000057220458984e+00 1.209092233330011368e-02
-1.400000095367431641e+00 1.444132067263126373e-02
-1.359999895095825195e+00 1.685432158410549164e-02
-1.319999933242797852e+00 1.920827664434909821e-02
-1.279999971389770508e+00 2.136613428592681885e-02
-1.240000009536743164e+00 2.318825758993625641e-02
-1.200000047683715820e+00 2.454599365592002869e-02
-1.160000085830688477e+00 2.533506229519844055e-02
-1.119999885559082031e+00 2.548780106008052826e-02
-1.079999923706054688e+00 2.498373202979564667e-02
-1.039999961853027344e+00 2.385887317359447479e-02
-1.000000000000000000e+00 2.221361920237541199e-02
-9.600000381469726562e-01 2.022000402212142944e-02
-9.200000762939453125e-01 1.812840066850185394e-02
-8.800001144409179688e-01 1.627384871244430542e-02
-8.400001525878906250e-01 1.508138701319694519e-02
-8.000001907348632812e-01 1.506914477795362473e-02
-7.600002288818359375e-01 1.684735342860221863e-02
-7.199997901916503906e-01 2.111056819558143616e-02
-6.799998283386230469e-01 2.862035110592842102e-02
-6.399998664855957031e-01 4.017521440982818604e-02
-5.999999046325683594e-01 5.656601861119270325e-02
-5.599999427795410156e-01 7.851564139127731323e-02
-5.199999809265136719e-01 1.066047176718711853e-01
-4.800000190734863281e-01 1.411870867013931274e-01
-4.400000572204589844e-01 1.823025494813919067e-01
-4.000000953674316406e-01 2.295971065759658813e-01
-3.600001335144042969e-01 2.822616696357727051e-01
-3.200001716613769531e-01 3.390032947063446045e-01
-2.800002098083496094e-01 3.980583548545837402e-01
-2.399997711181640625e-01 4.572558701038360596e-01
-1.999998092651367188e-01 5.141317248344421387e-01
-1.599998474121093750e-01 5.660882592201232910e-01
-1.199998855590820312e-01 6.105867624282836914e-01
-7.999992370605468750e-02 6.453526020050048828e-01
-3.999996185302734375e-02 6.685699224472045898e-01
0.000000000000000000e+00 6.790441870689392090e-01
3.999996185302734375e-02 6.763088107109069824e-01
7.999992370605468750e-02 6.606645584106445312e-01
1.199998855590820312e-01 6.331452131271362305e-01
1.599998474121093750e-01 5.954155325889587402e-01
1.999998092651367188e-01 5.496123433113098145e-01
2.399997711181640625e-01 4.981522858142852783e-01
2.800002098083496094e-01 4.435273110866546631e-01
3.200001716613769531e-01 3.881114125251770020e-01
3.600001335144042969e-01 3.339992463588714600e-01
4.000000953674316406e-01 2.828883826732635498e-01
4.400000572204589844e-01 2.360135614871978760e-01
4.800000190734863281e-01 1.941316872835159302e-01
5.199999809265136719e-01 1.575518995523452759e-01
5.599999427795410156e-01 1.262008100748062134e-01
5.999999046325683594e-01 9.971123188734054565e-02
6.399998664855957031e-01 7.752248644828796387e-02
6.799998283386230469e-01 5.898126959800720215e-02
7.199997901916503906e-01 4.343429952859878540e-02
7.600002288818359375e-01 3.030676580965518951e-02
8.000001907348632812e-01 1.916156336665153503e-02
8.400001525878906250e-01 9.737915359437465668e-03
8.800001144409179688e-01 1.968857366591691971e-03
9.200000762939453125e-01 -4.021481145173311234e-03
9.600000381469726562e-01 -7.938503287732601166e-03
1.000000000000000000e+00 -9.352589957416057587e-03
1.039999961853027344e+00 -7.746396120637655258e-03
1.079999923706054688e+00 -2.570051001384854317e-03
1.119999885559082031e+00 6.699123885482549667e-03
1.159999847412109375e+00 2.049560099840164185e-02
1.199999809265136719e+00 3.910730034112930298e-02
1.239999771118164062e+00 6.262254714965820312e-02
1.280000209808349609e+00 9.088686108589172363e-02
1.320000171661376953e+00 1.234726831316947937e-01
1.360000133514404297e+00 1.596664935350418091e-01
1.400000095367431641e+00 1.984768658876419067e-01
1.440000057220458984e+00 2.386656701564788818e-01
1.480000019073486328e+00 2.788037359714508057e-01
1.519999980926513672e+00 3.173485100269317627e-01
1.559999942779541016e+00 3.527391254901885986e-01
1.599999904632568359e+00 3.835011720657348633e-01
1.639999866485595703e+00 4.083504080772399902e-01
1.679999828338623047e+00 4.262851774692535400e-01
1.719999790191650391e+00 4.366564154624938965e-01
1.760000228881835938e+00 4.392073154449462891e-01
1.800000190734863281e+00 4.340780675411224365e-01
1.840000152587890625e+00 4.217762351036071777e-01
1.880000114440917969e+00 4.031169414520263672e-01
1.920000076293945312e+00 3.791413307189941406e-01
1.960000038146972656e+00 3.510244786739349365e-01
2.000000000000000000e+00 3.199831247329711914e-01
2.039999961853027344e+00 2.871944010257720947e-01
2.079999923706054688e+00 2.537316083908081055e-01
2.119999885559082031e+00 2.205222547054290771e-01
2.159999847412109375e+00 1.883284002542495728e-01
2.199999809265136719e+00 1.577466428279876709e-01
2.239999771118164062e+00 1.292233467102050781e-01
2.280000209808349609e+00 1.030795574188232422e-01
2.320000171661376953e+00 7.953955978155136108e-02
2.360000133514404297e+00 5.875856801867485046e-02
2.400000095367431641e+00 4.084608331322669983e-02
2.440000057220458984e+00 2.588260546326637268e-02
2.480000019073486328e+00 1.392969675362110138e-02
2.519999980926513672e+00 5.033376161009073257e-03
2.559999942779541016e+00 -7.774962577968835831e-04
2.599999904632568359e+00 -3.496853401884436607e-03
2.639999866485595703e+00 -3.149003954604268074e-03
2.679999828338623047e+00 2.027360169449821115e-04
2.719999790191650391e+00 6.447322666645050049e-03
2.760000228881835938e+00 1.541860774159431458e-02
2.800000190734863281e+00 2.688904106616973877e-02
2.840000152587890625e+00 4.056579619646072388e-02
2.880000114440917969e+00 5.608961731195449829e-02
2.920000076293945312e+00 7.303699851036071777e-02
2.960000038146972656e+00 9.092640876770019531e-02
3.000000000000000000e+00 1.092290505766868591e-01
3.039999961853027344e+00 1.273842304944992065e-01
3.079999923706054688e+00 1.448191851377487183e-01
3.119999885559082031e+00 1.609724611043930054e-01
3.159999847412109375e+00 1.753192842006683350e-01
3.199999809265136719e+00 1.873974502086639404e-01
3.239999771118164062e+00 1.968309283256530762e-01
3.279999732971191406e+00 2.033493369817733765e-01
3.319999694824218750e+00 2.068011611700057983e-01
3.359999656677246094e+00 2.071597576141357422e-01
3.399999618530273438e+00 2.045206129550933838e-01
3.439999580383300781e+00 1.990916877985000610e-01
3.479999542236328125e+00 1.911765336990356445e-01
3.520000457763671875e+00 1.811530292034149170e-01
3.560000419616699219e+00 1.694495379924774170e-01
3.600000381469726562e+00 1.565206497907638550e-01
3.640000343322753906e+00 1.428251415491104126e-01
3.680000305175781250e+00 1.288073062896728516e-01
3.720000267028808594e+00 1.148828938603401184e-01
3.760000228881835938e+00 1.014306545257568359e-01
3.800000190734863281e+00 8.878851681947708130e-02
3.840000152587890625e+00 7.725466042757034302e-02
3.880000114440917969e+00 6.709173321723937988e-02
3.920000076293945312e+00 5.853313952684402466e-02
3.960000038146972656e+00 5.178951099514961243e-02
4.000000000000000000e+00 4.705352708697319031e-02
4.039999961853027344e+00 4.450122267007827759e-02
4.079999923706054688e+00 4.428845643997192383e-02
4.119999885559082031e+00 4.654134809970855713e-02
4.159999847412109375e+00 5.134066566824913025e-02
4.199999809265136719e+00 5.870129168033599854e-02
4.239999771118164062e+00 6.854879111051559448e-02
4.279999732971191406e+00 8.069662004709243774e-02
4.319999694824218750e+00 9.482789784669876099e-02
4.359999656677246094e+00 1.104865670204162598e-01
4.399999618530273438e+00 1.270814239978790283e-01
4.439999580383300781e+00 1.439057886600494385e-01
4.479999542236328125e+00 1.601734310388565063e-01
4.520000457763671875e+00 1.750684082508087158e-01
4.560000419616699219e+00 1.878048032522201538e-01
4.600000381469726562e+00 1.976891309022903442e-01
4.640000343322753906e+00 2.041785120964050293e-01
4.680000305175781250e+00 2.069263458251953125e-01
4.720000267028808594e+00 2.058096081018447876e-01
4.760000228881835938e+00 2.009338140487670898e-01
4.800000190734863281e+00 1.926152855157852173e-01
4.840000152587890625e+00 1.813432872295379639e-01
4.880000114440917969e+00 1.677270531654357910e-01
4.920000076293945312e+00 1.524362415075302124e-01
4.960000038146972656e+00 1.361410021781921387e-01
5.000000000000000000e+00 1.194603964686393738e-01
5.039999961853027344e+00 1.029236018657684326e-01
5.079999923706054688e+00 8.694729208946228027e-02
5.119999885559082031e+00 7.182971388101577759e-02
5.159999847412109375e+00 5.775859206914901733e-02
5.199999809265136719e+00 4.483040049672126770e-02
5.239999771118164062e+00 3.307535499334335327e-02
5.279999732971191406e+00 2.248374931514263153e-02
5.319999694824218750e+00 1.302950643002986908e-02
5.359999656677246094e+00 4.687893204391002655e-03
5.399999618530273438e+00 -2.554371021687984467e-03
5.439999580383300781e+00 -8.696671575307846069e-03
5.479999542236328125e+00 -1.372927520424127579e-02
5.520000457763671875e+00 -1.764326542615890503e-02
5.560000419616699219e+00 -2.044359594583511353e-02
5.600000381469726562e+00 -2.216266840696334839e-02
5.640000343322753906e+00 -2.287228032946586609e-02
5.680000305175781250e+00 -2.269176766276359558e-02
5.720000267028808594e+00 -2.179093100130558014e-02
5.760000228881835938e+00 -2.038677223026752472e-02
5.800000190734863281e+00 -1.873394474387168884e-02
5.840000152587890625e+00 -1.710926927626132965e-02
5.880000114440917969e+00 -1.579167321324348450e-02
5.920000076293945312e+00 -1.503939460963010788e-02
5.960000038146972656e+00 -1.506664324551820755e-02
6.000000000000000000e+00 -1.602254621684551239e-02
6.039999961853027344e+00 -1.797489635646343231e-02
6.079999923706054688e+00 -2.090106531977653503e-02
6.119999885559082031e+00 -2.468768507242202759e-02
6.159999847412109375e+00 -2.913957461714744568e-02
6.199999809265136719e+00 -3.399750590324401855e-02
6.239999771118164062e+00 -3.896263986825942993e-02
6.279999732971191406e+00 -4.372509941458702087e-02
6.319999694824218750e+00 -4.799275472760200500e-02
6.359999656677246094e+00 -5.151665955781936646e-02
6.399999618530273438e+00 -5.410989746451377869e-02
6.439999580383300781e+00 -5.565768107771873474e-02
6.479999542236328125e+00 -5.611778050661087036e-02
6.520000457763671875e+00 -5.551236867904663086e-02
6.560000419616699219e+00 -5.391300097107887268e-02
6.600000381469726562e+00 -5.142226442694664001e-02
6.640000343322753906e+00 -4.815540835261344910e-02
6.680000305175781250e+00 -4.422484710812568665e-02
6.720000267028808594e+00 -3.973009437322616577e-02
6.760000228881835938e+00 -3.475403785705566406e-02
6.800000190734863281e+00 -2.936502546072006226e-02
6.840000152587890625e+00 -2.362361177802085876e-02
6.880000114440917969e+00 -1.759151928126811981e-02
6.920000076293945312e+00 -1.134048495441675186e-02
6.960000038146972656e+00 -4.958954639732837677e-03
7.000000000000000000e+00 1.445038127712905407e-03
7.039999961853027344e+00 7.745170034468173981e-03
7.079999923706054688e+00 1.380209252238273621e-02
7.119999885559082031e+00 1.947140134871006012e-02
7.159999847412109375e+00 2.461329847574234009e-02
7.199999809265136719e+00 2.910176292061805725e-02
7.239999771118164062e+00 3.283239901065826416e-02
7.279999732971191406e+00 3.572777286171913147e-02
7.319999694824218750e+00 3.773983195424079895e-02
7.359999656677246094e+00 3.884958103299140930e-02
7.399999618530273438e+00 3.906455636024475098e-02
7.439999580383300781e+00 3.841463103890419006e-02
7.479999542236328125e+00 3.694739937782287598e-02
7.520000457763671875e+00 3.472365066409111023e-02
7.560000419616699219e+00 3.181377798318862915e-02
7.600000381469726562e+00 2.829513326287269592e-02
7.640000343322753906e+00 2.425113506615161896e-02
7.680000305175781250e+00 1.977108977735042572e-02
7.720000267028808594e+00 1.495078857988119125e-02
7.760000228881835938e+00 9.893461130559444427e-03
7.800000190734863281e+00 4.709809087216854095e-03
7.840000152587890625e+00 -4.822437185794115067e-04
7.880000114440917969e+00 -5.559534765779972076e-03
7.920000076293945312e+00 -1.039634551852941513e-02
7.960000038146972656e+00 -1.486828923225402832e-02
8.000000000000000000e+00 -1.885651610791683197e-02
8.039999961853027344e+00 -2.225197665393352509e-02
8.079999923706054688e+00 -2.495929785072803497e-02
8.119999885559082031e+00 -2.689994312822818756e-02
8.159999847412109375e+00 -2.801484428346157074e-02
8.199999809265136719e+00 -2.826656401157379150e-02
8.239999771118164062e+00 -2.764126099646091461e-02
8.279999732971191406e+00 -2.615088596940040588e-02
8.319999694824218750e+00 -2.383552677929401398e-02
8.359999656677246094e+00 -2.076570689678192139e-02
8.399999618530273438e+00 -1.704403944313526154e-02
8.439999580383300781e+00 -1.280547678470611572e-02
8.479999542236328125e+00 -8.215572685003280640e-03
8.520000457763671875e+00 -3.465641755610704422e-03
8.560000419616699219e+00 1.234801136888563633e-03
8.600000381469726562e+00 5.668487399816513062e-03
8.640000343322753906e+00 9.622698649764060974e-03
8.680000305175781250e+00 1.290210429579019547e-02
8.720000267028808594e+00 1.534079015254974365e-02
8.760000228881835938e+00 1.681228168308734894e-02
8.800000190734863281e+00 1.723617687821388245e-02
8.840000152587890625e+00 1.658118143677711487e-02
8.880000114440917969e+00 1.486458256840705872e-02
8.920000076293945312e+00 1.214846130460500717e-02
8.960000038146972656e+00 8.533850312232971191e-03
9.000000000000000000e+00 4.153498914092779160e-03
9.039999961853027344e+00 -8.357565966434776783e-04
9.079999923706054688e+00 -6.260399706661701202e-03
9.119999885559082031e+00 -1.193712558597326279e-02
9.159999847412109375e+00 -1.767918653786182404e-02
9.199999809265136719e+00 -2.330210804939270020e-02
9.239999771118164062e+00 -2.862912602722644806e-02
9.279999732971191406e+00 -3.349625319242477417e-02
9.319999694824218750e+00 -3.775689005851745605e-02
9.359999656677246094e+00 -4.128605499863624573e-02
9.399999618530273438e+00 -4.398373514413833618e-02
9.439999580383300781e+00 -4.577736556529998779e-02
9.479999542236328125e+00 -4.662347212433815002e-02
9.520000457763671875e+00 -4.650809243321418762e-02
9.560000419616699219e+00 -4.544659331440925598e-02
9.600000381469726562e+00 -4.348281398415565491e-02
9.640000343322753906e+00 -4.068754985928535461e-02
9.680000305175781250e+00 -3.715667873620986938e-02
9.720000267028808594e+00 -3.300875425338745117e-02
9.760000228881835938e+00 -2.838175185024738312e-02
9.800000190734863281e+00 -2.342885546386241913e-02
9.840000152587890625e+00 -1.831307262182235718e-02
9.880000114440917969e+00 -1.320079714059829712e-02
9.920000076293945312e+00 -8.254285901784896851e-03
9.960000038146972656e+00 -3.623812692239880562e-03
1.000000000000000000e+01 5.600336589850485325e-04
1.003999996185302734e+01 4.192871972918510437e-03
1.007999992370605469e+01 7.201541215181350708e-03
1.011999988555908203e+01 9.546552784740924835e-03
1.015999984741210938e+01 1.122207939624786377e-02
1.019999980926513672e+01 1.225336268544197083e-02
1.023999977111816406e+01 1.269227825105190277e-02
1.027999973297119141e+01 1.261095516383647919e-02
1.031999969482421875e+01 1.209527254104614258e-02
1.035999965667724609e+01 1.123831234872341156e-02
1.039999961853027344e+01 1.013447344303131104e-02
1.043999958038330078e+01 8.875109255313873291e-03
1.047999954223632812e+01 7.545352447777986526e-03
1.052000045776367188e+01 6.222450174391269684e-03
1.056000041961669922e+01 4.975324496626853943e-03
1.060000038146972656e+01 3.864855971187353134e-03
1.064000034332275391e+01 2.944576088339090347e-03
1.068000030517578125e+01 2.261602319777011871e-03
1.072000026702880859e+01 1.857261173427104950e-03
1.076000022888183594e+01 1.767168636433780193e-03
1.080000019073486328e+01 2.021122490987181664e-03
1.084000015258789062e+01 2.642201026901602745e-03
1.088000011444091797e+01 3.645736491307616234e-03
1.092000007629394531e+01 5.038146860897541046e-03
1.096000003814697266e+01 6.815993692725896835e-03
1.100000000000000000e+01 8.965609595179557800e-03
1.104000091552734375e+01 1.146350707858800888e-02
1.107999992370605469e+01 1.427771151065826416e-02
1.112000083923339844e+01 1.736974529922008514e-02
1.115999984741210938e+01 2.069723978638648987e-02
1.120000076293945312e+01 2.421623468399047852e-02
1.123999977111816406e+01 2.788284234702587128e-02
1.128000068664550781e+01 3.165351599454879761e-02
1.131999969482421875e+01 3.548371046781539917e-02
1.136000061035156250e+01 3.932478278875350952e-02
1.139999961853027344e+01 4.311972111463546753e-02
1.144000053405761719e+01 4.679854214191436768e-02
1.147999954223632812e+01 5.027462914586067200e-02
1.152000045776367188e+01 5.344289541244506836e-02
1.155999946594238281e+01 5.618138611316680908e-02
1.160000038146972656e+01 5.835623294115066528e-02
1.163999938964843750e+01 5.983040109276771545e-02
1.168000030517578125e+01 6.047511100769042969e-02
1.171999931335449219e+01 6.018295139074325562e-02
1.176000022888183594e+01 5.888049304485321045e-02
1.179999923706054688e+01 5.653902515769004822e-02
1.184000015258789062e+01 5.318183451890945435e-02
1.187999916076660156e+01 4.888664931058883667e-02
1.192000007629394531e+01 4.378327727317810059e-02
1.195999908447265625e+01 3.804664313793182373e-02
1.200000000000000000e+01 3.188613429665565491e-02
1.204000091552734375e+01 2.553264796733856201e-02
1.207999992370605469e+01 1.922498270869255066e-02
1.212000083923339844e+01 1.319668255746364594e-02
1.215999984741210938e+01 7.664670236408710480e-03
1.220000076293945312e+01 2.820212393999099731e-03
1.223999977111816406e+01 -1.177571481093764305e-03
1.228000068664550781e+01 -4.205704201012849808e-03
1.231999969482421875e+01 -6.179581396281719208e-03
1.236000061035156250e+01 -7.053414359688758850e-03
1.239999961853027344e+01 -6.819783244282007217e-03
1.244000053405761719e+01 -5.508336704224348068e-03
1.247999954223632812e+01 -3.183695022016763687e-03
1.252000045776367188e+01 5.738750405726023018e-05
1.255999946594238281e+01 4.089922178536653519e-03
1.260000038146972656e+01 8.765703998506069183e-03
1.263999938964843750e+01 1.391961146146059036e-02
1.268000030517578125e+01 1.937700994312763214e-02
1.271999931335449219e+01 2.496167272329330444e-02
1.276000022888183594e+01 3.050416707992553711e-02
1.279999923706054688e+01 3.584940358996391296e-02
1.284000015258789062e+01 4.086279124021530151e-02
1.287999916076660156e+01 4.543470963835716248e-02
1.292000007629394531e+01 4.948193207383155823e-02
1.295999908447265625e+01 5.294697359204292297e-02
1.300000000000000000e+01 5.579454079270362854e-02
1.304000091552734375e+01 5.800649151206016541e-02
1.307999992370605469e+01 5.957565084099769592e-02
1.312000083923339844e+01 6.049953028559684753e-02
1.315999984741210938e+01 6.077555939555168152e-02
1.320000076293945312e+01 6.039758399128913879e-02
1.323999977111816406e+01 5.935526639223098755e-02
1.328000068664550781e+01 5.763549357652664185e-02
1.331999969482421875e+01 5.522598326206207275e-02
1.336000061035156250e+01 5.212021246552467346e-02
1.339999961853027344e+01 4.832265526056289673e-02
1.344000053405761719e+01 4.385356977581977844e-02
1.347999954223632812e+01 3.875243291258811951e-02
1.352000045776367188e+01 3.307970985770225525e-02
1.355999946594238281e+01 2.691678144037723541e-02
1.360000038146972656e+01 2.036407031118869781e-02
1.363999938964843750e+01 1.353825069963932037e-02
1.368000030517578125e+01 6.568317767232656479e-03
1.371999931335449219e+01 -4.083462408743798733e-04
1.376000022888183594e+01 -7.250125519931316376e-03
1.379999923706054688e+01 -1.381534803658723831e-02
1.384000015258789062e+01 -1.996649242937564850e-02
1.387999916076660156e+01 -2.557450905442237854e-02
1.392000007629394531e+01 -3.052334859967231750e-02
1.395999908447265625e+01 -3.471482917666435242e-02
1.400000000000000000e+01 -3.807298839092254639e-02
1.404000091552734375e+01 -4.054784774780273438e-02
1.407999992370605469e+01 -4.211786389350891113e-02
1.412000083923339844e+01 -4.279038310050964355e-02
1.415999984741210938e+01 -4.259991273283958435e-02
1.420000076293945312e+01 -4.160375520586967468e-02
1.423999977111816406e+01 -3.987589478492736816e-02
1.428000068664550781e+01 -3.749917820096015930e-02
1.431999969482421875e+01 -3.455731645226478577e-02
1.436000061035156250e+01 -3.112763725221157074e-02
1.439999961853027344e+01 -2.727573923766613007e-02
1.444000053405761719e+01 -2.305299229919910431e-02
1.447999954223632812e+01 -1.849739812314510345e-02
1.452000045776367188e+01 -1.363782864063978195e-02
1.455999946594238281e+01 -8.500850759446620941e-03
1.460000038146972656e+01 -3.119564382359385490e-03
1.463999938964843750e+01 2.457219641655683517e-03
1.468000030517578125e+01 8.156953379511833191e-03
1.471999931335449219e+01 1.387755572795867920e-02
1.476000022888183594e+01 1.948528923094272614e-02
1.479999923706054688e+01 2.481689862906932831e-02
1.484000015258789062e+01 2.968586236238479614e-02
1.487999916076660156e+01 3.389296308159828186e-02
1.492000007629394531e+01 3.723952174186706543e-02
1.495999908447265625e+01 3.954279422760009766e-02
1.500000000000000000e+01 4.065129160881042480e-02
1.504000091552734375e+01 4.045914486050605774e-02
1.507999992370605469e+01 3.891752660274505615e-02
1.512000083923339844e+01 3.604225814342498779e-02
1.515999984741210938e+01 3.191641718149185181e-02
1.520000076293945312e+01 2.668804489076137543e-02
1.523999977111816406e+01 2.056227065622806549e-02
1.528000068664550781e+01 1.378890499472618103e-02
1.531999969482421875e+01 6.646643392741680145e-03
1.536000061035156250e+01 -5.756714963354170322e-04
1.539999961853027344e+01 -7.598050870001316071e-03
1.544000053405761719e+01 -1.416769437491893768e-02
1.547999954223632812e+01 -2.007482759654521942e-02
1.552000045776367188e+01 -2.516464516520500183e-02
1.555999946594238281e+01 -2.934422902762889862e-02
1.560000038146972656e+01 -3.258430212736129761e-02
1.563999938964843750e+01 -3.491564467549324036e-02
1.568000030517578125e+01 -3.642086312174797058e-02
1.571999931335449219e+01 -3.722238913178443909e-02
1.576000022888183594e+01 -3.746864944696426392e-02
1.579999923706054688e+01 -3.731903061270713806e-02
1.584000015258789062e+01 -3.692996501922607422e-02
1.587999916076660156e+01 -3.644264116883277893e-02
1.592000007629394531e+01 -3.597369045019149780e-02
1.595999908447265625e+01 -3.560908883810043335e-02
1.600000000000000000e+01 -3.540137037634849548e-02
1.604000091552734375e+01 -3.536997362971305847e-02
1.607999992370605469e+01 -3.550436720252037048e-02
1.612000083923339844e+01 -3.576912358403205872e-02
1.615999984741210938e+01 -3.611072152853012085e-02
1.620000076293945312e+01 -3.646514937281608582e-02
1.623999977111816406e+01 -3.676594421267509460e-02
1.628000068664550781e+01 -3.695205226540565491e-02
1.631999969482421875e+01 -3.697495162487030029e-02
1.636000061035156250e+01 -3.680430725216865540e-02
1.639999961853027344e+01 -3.643187507987022400e-02
1.644000053405761719e+01 -3.587266802787780762e-02
1.647999954223632812e+01 -3.516364097595214844e-02
1.652000045776367188e+01 -3.435937687754631042e-02
1.655999946594238281e+01 -3.352539241313934326e-02
1.660000038146972656e+01 -3.272961452603340149e-02
1.663999938964843750e+01 -3.203307464718818665e-02
1.668000030517578125e+01 -3.148106113076210022e-02
1.671999931335449219e+01 -3.109560720622539520e-02
1.676000022888183594e+01 -3.087089583277702332e-02
1.679999923706054688e+01 -3.077157773077487946e-02
1.684000015258789062e+01 -3.073494508862495422e-02
1.687999916076660156e+01 -3.067630715668201447e-02
1.692000007629394531e+01 -3.049749508500099182e-02
1.695999908447265625e+01 -3.009717352688312531e-02
1.700000000000000000e+01 -2.938224375247955322e-02
1.704000091552734375e+01 -2.827920764684677124e-02
1.707999992370605469e+01 -2.674425393342971802e-02
1.712000083923339844e+01 -2.477096579968929291e-02
1.715999984741210938e+01 -2.239509858191013336e-02
1.720000076293945312e+01 -1.969550736248493195e-02
1.723999977111816406e+01 -1.679101772606372833e-02
1.728000068664550781e+01 -1.383326016366481781e-02
1.731999969482421875e+01 -1.099584344774484634e-02
1.736000061035156250e+01 -8.460737764835357666e-03
1.739999961853027344e+01 -6.403043866157531738e-03
1.744000053405761719e+01 -4.975670482963323593e-03
1.747999954223632812e+01 -4.295347258448600769e-03
1.752000045776367188e+01 -4.431648179888725281e-03
1.755999946594238281e+01 -5.400110501796007156e-03
1.760000038146972656e+01 -7.160081528127193451e-03
1.763999938964843750e+01 -9.617572650313377380e-03
1.768000030517578125e+01 -1.263267919421195984e-02
1.771999931335449219e+01 -1.603055745363235474e-02
1.776000022888183594e+01 -1.961482875049114227e-02
1.779999923706054688e+01 -2.318205125629901886e-02
1.784000015258789062e+01 -2.653604745864868164e-02
1.787999916076660156e+01 -2.950092218816280365e-02
1.792000007629394531e+01 -3.193217143416404724e-02
1.795999908447265625e+01 -3.372536227107048035e-02
1.800000000000000000e+01 -3.482210636138916016e-02
1.804000091552734375e+01 -3.521338105201721191e-02
1.807999992370605469e+01 -3.494004160165786743e-02
1.812000083923339844e+01 -3.409023582935333252e-02
1.815999984741210938e+01 -3.279408067464828491e-02
1.820000076293945312e+01 -3.121517039835453033e-02
1.823999977111816406e+01 -2.953914739191532135e-02
1.828000068664550781e+01 -2.795987389981746674e-02
1.831999969482421875e+01 -2.666384913027286530e-02
1.836000061035156250e+01 -2.581403777003288269e-02
1.839999961853027344e+01 -2.553457021713256836e-02
1.844000053405761719e+01 -2.589790895581245422e-02
1.847999954223632812e+01 -2.691607549786567688e-02
1.852000045776367188e+01 -2.853716723620891571e-02
1.855999946594238281e+01 -3.064789250493049622e-02
1.860000038146972656e+01 -3.308243304491043091e-02
1.863999938964843750e+01 -3.563674911856651306e-02
1.868000030517578125e+01 -3.808722272515296936e-02
1.871999931335449219e+01 -4.021183028817176819e-02
1.876000022888183594e+01 -4.181146994233131409e-02
1.879999923706054688e+01 -4.272926598787307739e-02
1.884000015258789062e+01 -4.286591336131095886e-02
1.887999916076660156e+01 -4.218921437859535217e-02
1.892000007629394531e+01 -4.073698446154594421e-02
1.895999908447265625e+01 -3.861301392316818237e-02
1.900000000000000000e+01 -3.597661852836608887e-02
1.904000091552734375e+01 -3.302701562643051147e-02
1.907999992370605469e+01 -2.998422645032405853e-02
1.912000083923339844e+01 -2.706865221261978149e-02
1.915999984741210938e+01 -2.448148094117641449e-02
1.920000076293945312e+01 -2.238773554563522339e-02
1.923999977111816406e+01 -2.090386115014553070e-02
1.928000068664550781e+01 -2.009046077728271484e-02
1.931999969482421875e+01 -1.995075121521949768e-02
1.936000061035156250e+01 -2.043437398970127106e-02
1.939999961853027344e+01 -2.144568786025047302e-02
1.944000053405761719e+01 -2.285518124699592590e-02
1.947999954223632812e+01 -2.451290376484394073e-02
1.952000045776367188e+01 -2.626202814280986786e-02
1.955999946594238281e+01 -2.795184031128883362e-02
1.960000038146972656e+01 -2.944868803024291992e-02
1.963999938964843750e+01 -3.064472787082195282e-02
1.968000030517578125e+01 -3.146396577358245850e-02
1.971999931335449219e+01 -3.186545148491859436e-02
1.976000022888183594e+01 -3.184415772557258606e-02
1.979999923706054688e+01 -3.142933547496795654e-02
1.984000015258789062e+01 -3.068104945123195648e-02
1.987999916076660156e+01 -2.968494407832622528e-02
1.992000007629394531e+01 -2.854548022150993347e-02
1.995999908447265625e+01 -2.737823687493801117e-02
2.000000000000000000e+01 -2.630126290023326874e-02
